6.004489084409999830e-03
1.189809691719999942e-04
6.358077167239999529e-05
6.358077167239999529e-05
6.347326285699999443e-05
6.347326285699999443e-05
6.299178852729999463e-05
6.276268128750000022e-05
5.992786528500000030e-05
5.777839513340000011e-05
4.993709945429999951e-05
4.993709945429999951e-05
4.993709945429999951e-05
4.340753792179999858e-05
4.340753792179999858e-05
4.340753792179999858e-05
4.340753792179999858e-05
4.238355715300000268e-05
4.238355715300000268e-05
3.923436553249999749e-05
3.923436553249999749e-05
3.755210220939999676e-05
3.755210220939999676e-05
3.680002103450000174e-05
3.531170140559999763e-05
3.503165634500000073e-05
3.503165634500000073e-05
3.503165634500000073e-05
3.425503941270000165e-05
3.425503941270000165e-05
3.425503941270000165e-05
3.371975639260000305e-05
3.371975639260000305e-05
3.367732102400000199e-05
3.325187621839999859e-05
3.292561647079999989e-05
3.292561647079999989e-05
3.139437764590000276e-05
3.139437764590000276e-05
3.116569097249999879e-05
3.116569097249999879e-05
3.116569097249999879e-05
3.113644961150000294e-05
3.099132215979999856e-05
3.085389240749999973e-05
3.080112707830000291e-05
3.080112707830000291e-05
3.080112707830000291e-05
3.080112707830000291e-05
3.080112707830000291e-05
3.073286801800000333e-05
3.073286801800000333e-05
3.073286801800000333e-05
3.073286801800000333e-05
3.073286801800000333e-05
3.073286801800000333e-05
3.073286801800000333e-05
3.069577396969999905e-05
3.069577396969999905e-05
3.069577396969999905e-05
3.069577396969999905e-05
3.065495399450000289e-05
3.062694002340000265e-05
3.062694002340000265e-05
3.062694002340000265e-05
3.062694002340000265e-05
3.062694002340000265e-05
3.062629997029999774e-05
3.060849648460000304e-05
3.060849648460000304e-05
3.060849648460000304e-05
3.060849648460000304e-05
3.060849648460000304e-05
3.060849648460000304e-05
3.060486611529999773e-05
3.060433807650000254e-05
3.060433807650000254e-05
3.060433807650000254e-05
3.060301617819999965e-05
3.060301617819999965e-05
3.060058051250000034e-05
3.060058051250000034e-05
3.060058051250000034e-05
3.060058051250000034e-05
3.060058051250000034e-05
3.060058051250000034e-05
3.060055759230000133e-05
3.060003378530000228e-05
3.059952377429999695e-05
3.059952377429999695e-05
3.059886881279999738e-05
3.059886881279999738e-05
3.059886881279999738e-05
3.059886881279999738e-05
3.059879273279999753e-05
3.059879273279999753e-05
3.059860230050000257e-05
3.059860230050000257e-05
3.059860230050000257e-05
3.059846920520000330e-05
