5.747425240225000065e-03
6.510372426270000148e-05
6.136229308814999494e-05
5.491925451414999713e-05
4.849174258369999590e-05
4.463136483639999611e-05
4.315219931409999712e-05
4.055881766259999521e-05
4.006880977989999874e-05
4.006880977989999874e-05
3.638773434614999899e-05
3.638773434614999899e-05
3.399558488850000065e-05
3.221055262155000004e-05
3.214116597750000311e-05
3.201833732165000027e-05
3.190591480275000434e-05
3.190591480275000434e-05
3.148256362585000645e-05
3.141324981615000410e-05
3.137001236724999839e-05
3.132400750470000028e-05
3.131538886780000188e-05
3.121762099544999805e-05
3.121762099544999805e-05
3.097774194710000209e-05
3.068875898529999850e-05
3.068543654740000354e-05
3.068543654740000354e-05
3.068543654740000354e-05
3.068543654740000354e-05
3.068154770219999941e-05
3.068154770219999941e-05
3.065017824110000008e-05
3.064365647320000329e-05
3.064302942340000035e-05
3.064302942340000035e-05
3.063992588539999533e-05
3.063856945264999929e-05
3.063856945264999929e-05
3.063699351279999984e-05
3.063661815809999383e-05
3.063661815809999383e-05
3.063621614249999864e-05
3.063621614249999864e-05
3.063055166305000200e-05
3.063026046389999695e-05
3.063004518160000099e-05
3.062985714784999936e-05
3.060207965275000186e-05
3.060207965275000186e-05
3.060207965275000186e-05
3.060207965275000186e-05
3.060207965275000186e-05
3.060207965275000186e-05
3.060207965275000186e-05
3.060095593524999637e-05
3.060095593524999637e-05
3.060095593524999637e-05
3.060095593524999637e-05
3.060045807444999947e-05
3.060045807444999947e-05
3.060035216385000045e-05
3.059898172485000075e-05
3.059898172485000075e-05
3.059893439264999915e-05
3.059893439264999915e-05
3.059893439264999915e-05
3.059890224799999991e-05
3.059888656035000224e-05
3.059876573164999731e-05
3.059876241330000121e-05
3.059840396639999793e-05
3.059836041554999888e-05
3.059834922894999915e-05
3.059825283440000324e-05
3.059825283440000324e-05
3.059825168965000478e-05
3.059824968349999792e-05
3.059824968349999792e-05
3.059824426374999485e-05
3.059824426374999485e-05
3.059824426374999485e-05
3.059823986845000039e-05
3.059823986845000039e-05
3.059823363045000212e-05
3.059823363045000212e-05
3.059823363045000212e-05
3.059823363045000212e-05
3.059822611539999811e-05
3.059822598520000236e-05
3.059822592465000121e-05
3.059822586384999658e-05
3.059822585694999843e-05
3.059822585694999843e-05
3.059822580705000002e-05
3.059822559400000408e-05
3.059822493250000163e-05
3.059822493250000163e-05
3.059822493250000163e-05
