5.632446027050000414e-03
5.434910805189999871e-05
3.437874332730000315e-05
3.437874332730000315e-05
3.212876399389999867e-05
3.193597516030000148e-05
3.193597516030000148e-05
3.112740887950000274e-05
3.112740887950000274e-05
3.112740887950000274e-05
3.112740887950000274e-05
3.083798213039999983e-05
3.083798213039999983e-05
3.083798213039999983e-05
3.076727498410000331e-05
3.072754370390000297e-05
3.067907065220000116e-05
3.062460599520000108e-05
3.062460599520000108e-05
3.062460599520000108e-05
3.062460599520000108e-05
3.062460599520000108e-05
3.062460599520000108e-05
3.062460599520000108e-05
3.061527334240000183e-05
3.061527334240000183e-05
3.061527334240000183e-05
3.061217405990000192e-05
3.060460552869999709e-05
3.060460552869999709e-05
3.060460552869999709e-05
3.060460552869999709e-05
3.060460552869999709e-05
3.060460552869999709e-05
3.060340543480000224e-05
3.060273109010000156e-05
3.060038605440000087e-05
3.060038605440000087e-05
3.059940897279999847e-05
3.059940897279999847e-05
3.059940897279999847e-05
3.059904773439999962e-05
3.059904773439999962e-05
3.059887660379999991e-05
3.059857454080000056e-05
3.059857454080000056e-05
3.059857454080000056e-05
3.059851534499999858e-05
3.059838700550000117e-05
3.059833202999999842e-05
3.059831493400000163e-05
3.059830110089999870e-05
3.059827423949999933e-05
3.059823110749999999e-05
3.059823110749999999e-05
3.059823110749999999e-05
3.059823110749999999e-05
3.059823110749999999e-05
3.059822740790000000e-05
3.059822740790000000e-05
3.059822384569999942e-05
3.059822384569999942e-05
3.059822384569999942e-05
3.059822358480000098e-05
3.059822358480000098e-05
3.059822358480000098e-05
3.059822358480000098e-05
3.059822313270000075e-05
3.059821981819999979e-05
3.059821981819999979e-05
3.059821981819999979e-05
3.059821981819999979e-05
3.059821974910000063e-05
3.059821947469999786e-05
3.059821937419999945e-05
3.059821927579999901e-05
3.059821917320000264e-05
3.059821917320000264e-05
3.059821917320000264e-05
3.059821912329999745e-05
3.059821886160000011e-05
3.059821883700000170e-05
3.059821853060000219e-05
3.059821853060000219e-05
3.059821853060000219e-05
3.059821853060000219e-05
3.059821847939999794e-05
3.059821847939999794e-05
3.059821837919999828e-05
3.059821837919999828e-05
3.059821837919999828e-05
3.059821837919999828e-05
3.059821837919999828e-05
3.059821837509999967e-05
3.059821837509999967e-05
3.059821836620000088e-05
3.059821836620000088e-05
3.059821836620000088e-05
3.059821836620000088e-05
3.059821836620000088e-05
