5.882776385720000362e-03
1.040258463979999942e-04
6.481601931099999431e-05
6.117966734169999878e-05
6.117966734169999878e-05
6.105808906910000660e-05
5.966416454360000111e-05
5.862878795550000331e-05
5.508154156370000278e-05
5.508154156370000278e-05
5.348403826119999937e-05
5.348403826119999937e-05
5.348403826119999937e-05
5.312951380780000306e-05
5.312951380780000306e-05
5.312951380780000306e-05
5.019160038879999719e-05
4.938149049000000232e-05
4.938149049000000232e-05
4.938149049000000232e-05
4.938149049000000232e-05
4.902438437950000060e-05
4.902438437950000060e-05
4.902438437950000060e-05
4.902438437950000060e-05
4.816603335409999880e-05
4.816603335409999880e-05
4.816603335409999880e-05
4.816603335409999880e-05
4.816603335409999880e-05
4.816603335409999880e-05
4.780256486100000239e-05
4.780256486100000239e-05
4.587738580989999984e-05
4.587738580989999984e-05
4.566555598689999676e-05
4.566555598689999676e-05
4.505376934100000186e-05
4.505376934100000186e-05
4.505376934100000186e-05
4.505376934100000186e-05
4.320657865639999722e-05
4.320657865639999722e-05
4.320657865639999722e-05
4.320657865639999722e-05
4.315039244879999801e-05
4.214591234700000165e-05
3.841204894600000117e-05
3.841204894600000117e-05
3.817340549240000146e-05
3.817340549240000146e-05
3.708187195970000016e-05
3.708187195970000016e-05
3.708187195970000016e-05
3.708187195970000016e-05
3.708187195970000016e-05
3.708187195970000016e-05
3.708187195970000016e-05
3.619200614549999745e-05
3.609429219819999975e-05
3.609429219819999975e-05
3.608453800780000162e-05
3.566244316150000130e-05
3.566244316150000130e-05
3.566244316150000130e-05
3.566244316150000130e-05
3.563015619030000163e-05
3.550261974869999780e-05
3.549288287980000115e-05
3.542230747690000055e-05
3.542230747690000055e-05
3.542230747690000055e-05
3.542230747690000055e-05
3.409288560260000025e-05
3.409288560260000025e-05
3.409288560260000025e-05
3.409288560260000025e-05
3.409288560260000025e-05
3.409288560260000025e-05
3.409288560260000025e-05
3.409288560260000025e-05
3.409288560260000025e-05
3.409288560260000025e-05
3.408599442549999661e-05
3.408599442549999661e-05
3.408599442549999661e-05
3.408599442549999661e-05
3.282857301119999704e-05
3.282857301119999704e-05
3.282857301119999704e-05
3.282857301119999704e-05
3.282857301119999704e-05
3.282857301119999704e-05
3.282857301119999704e-05
3.272138931169999787e-05
3.272138931169999787e-05
3.272138931169999787e-05
3.267419192609999839e-05
3.267419192609999839e-05
3.251585181570000333e-05
3.243721593130000248e-05
