5.751758942659999582e-03
6.875060795225000220e-05
5.633229342180000223e-05
5.516895031525000613e-05
5.447025251475000064e-05
5.304332313225000226e-05
4.897996954984999826e-05
4.897996954984999826e-05
4.636723815505000047e-05
4.636723815505000047e-05
4.636723815505000047e-05
4.636723815505000047e-05
4.636723815505000047e-05
4.636723815505000047e-05
4.547870889675000418e-05
4.256220686650000082e-05
4.256220686650000082e-05
4.191370502175000213e-05
4.191370502175000213e-05
4.082804749959999989e-05
4.082804749959999989e-05
4.082804749959999989e-05
4.082804749959999989e-05
4.017595069034999829e-05
4.017595069034999829e-05
4.017595069034999829e-05
3.894247595244999924e-05
3.894247595244999924e-05
3.627833520709999979e-05
3.542244818469999921e-05
3.542244818469999921e-05
3.455928857780000144e-05
3.455928857780000144e-05
3.455928857780000144e-05
3.455928857780000144e-05
3.455928857780000144e-05
3.455928857780000144e-05
3.445096899444999739e-05
3.445096899444999739e-05
3.445096899444999739e-05
3.445096899444999739e-05
3.402275158950000122e-05
3.394937791955000031e-05
3.394937791955000031e-05
3.394937791955000031e-05
3.362051905590000004e-05
3.361015351214999812e-05
3.339374878435000509e-05
3.338490584055000084e-05
3.328782907359999655e-05
3.309713457025000190e-05
3.309713457025000190e-05
3.307274769889999809e-05
3.307274769889999809e-05
3.224026029824999845e-05
3.224026029824999845e-05
3.222279485490000238e-05
3.222279485490000238e-05
3.206729566525000374e-05
3.206729566525000374e-05
3.202805810609999509e-05
3.202198991025000032e-05
3.200865699165000313e-05
3.200865699165000313e-05
3.174201223735000391e-05
3.174201223735000391e-05
3.155676966024999631e-05
3.155676966024999631e-05
3.134757329114999528e-05
3.134757329114999528e-05
3.111151999285000167e-05
3.111151999285000167e-05
3.111151999285000167e-05
3.111151999285000167e-05
3.111151999285000167e-05
3.111151999285000167e-05
3.111151999285000167e-05
3.109836416909999923e-05
3.109836416909999923e-05
3.109661316140000572e-05
3.109661316140000572e-05
3.091670483515000258e-05
3.088224985010000061e-05
3.088224985010000061e-05
3.086268310575000209e-05
3.086268310575000209e-05
3.085817499135000506e-05
3.085817499135000506e-05
3.085817499135000506e-05
3.084804628029999985e-05
3.084804628029999985e-05
3.082300332610000146e-05
3.079388324375000399e-05
3.076700150624999807e-05
3.074973753190000003e-05
3.074973753190000003e-05
3.072076088185000237e-05
3.072076088185000237e-05
3.071645815324999996e-05
3.070840231160000024e-05
3.070840231160000024e-05
