5.593260560789999579e-03
4.550446686139999970e-05
3.498069267909999875e-05
3.498069267909999875e-05
3.498069267909999875e-05
3.498069267909999875e-05
3.279572942569999693e-05
3.279572942569999693e-05
3.279572942569999693e-05
3.279572942569999693e-05
3.246597510589999824e-05
3.246597510589999824e-05
3.183225491010000267e-05
3.171340755650000205e-05
3.171340755650000205e-05
3.171340755650000205e-05
3.067303354180000280e-05
3.067303354180000280e-05
3.067303354180000280e-05
3.067303354180000280e-05
3.067303354180000280e-05
3.067303354180000280e-05
3.067303354180000280e-05
3.064233011989999896e-05
3.060923839720000247e-05
3.060923839720000247e-05
3.060923839720000247e-05
3.060923839720000247e-05
3.060923839720000247e-05
3.060923839720000247e-05
3.060923839720000247e-05
3.060923839720000247e-05
3.060923839720000247e-05
3.060923839720000247e-05
3.060923839720000247e-05
3.060923839720000247e-05
3.060923839720000247e-05
3.060923839720000247e-05
3.060923839720000247e-05
3.060923839720000247e-05
3.060923839720000247e-05
3.060032612070000307e-05
3.060032612070000307e-05
3.060032612070000307e-05
3.060032612070000307e-05
3.060032612070000307e-05
3.060032612070000307e-05
3.060032612070000307e-05
3.059933251539999664e-05
3.059933251539999664e-05
3.059932779280000002e-05
3.059932779280000002e-05
3.059932779280000002e-05
3.059932779280000002e-05
3.059932779280000002e-05
3.059932779280000002e-05
3.059932779280000002e-05
3.059932779280000002e-05
3.059932779280000002e-05
3.059932779280000002e-05
3.059929154119999799e-05
3.059915226880000240e-05
3.059915226880000240e-05
3.059915226880000240e-05
3.059915226880000240e-05
3.059909661870000247e-05
3.059909661870000247e-05
3.059893117200000192e-05
3.059879958549999813e-05
3.059879958549999813e-05
3.059879958549999813e-05
3.059879958549999813e-05
3.059879958549999813e-05
3.059879958549999813e-05
3.059879958549999813e-05
3.059879958549999813e-05
3.059879958549999813e-05
3.059879958549999813e-05
3.059879958549999813e-05
3.059879958549999813e-05
3.059879958549999813e-05
3.059879958549999813e-05
3.059879958549999813e-05
3.059879958549999813e-05
3.059879958549999813e-05
3.059878497320000102e-05
3.059875950169999687e-05
3.059875950169999687e-05
3.059875950169999687e-05
3.059875950169999687e-05
3.059875310420000157e-05
3.059875310420000157e-05
3.059875310420000157e-05
3.059875310420000157e-05
3.059875310420000157e-05
3.059875310420000157e-05
3.059875310420000157e-05
3.059875310420000157e-05
3.059875310420000157e-05
3.059875310420000157e-05
3.059875310420000157e-05
