6.004489084409999830e-03
1.585560496079999960e-03
4.689092128029999861e-04
2.792915441459999939e-04
2.792915441459999939e-04
2.792915441459999939e-04
2.792915441459999939e-04
2.464906491780000184e-04
2.464906491780000184e-04
2.464906491780000184e-04
2.464906491780000184e-04
2.464906491780000184e-04
2.464906491780000184e-04
2.464906491780000184e-04
2.464906491780000184e-04
2.464906491780000184e-04
2.464906491780000184e-04
2.464906491780000184e-04
1.116263345769999941e-04
9.984750782910000095e-05
9.984750782910000095e-05
9.984750782910000095e-05
9.984750782910000095e-05
9.984750782910000095e-05
9.984750782910000095e-05
9.984750782910000095e-05
9.984750782910000095e-05
9.984750782910000095e-05
7.384752852859999489e-05
7.384752852859999489e-05
7.384752852859999489e-05
7.384752852859999489e-05
7.341953679829999336e-05
7.341953679829999336e-05
7.341953679829999336e-05
7.341953679829999336e-05
7.341953679829999336e-05
7.341953679829999336e-05
7.284474576730000166e-05
7.284474576730000166e-05
7.284474576730000166e-05
7.282324012899999441e-05
7.282324012899999441e-05
7.282324012899999441e-05
7.282324012899999441e-05
7.282324012899999441e-05
7.282324012899999441e-05
7.218988487320000509e-05
7.218988487320000509e-05
7.218988487320000509e-05
7.218988487320000509e-05
7.218988487320000509e-05
7.218988487320000509e-05
7.218988487320000509e-05
7.218988487320000509e-05
7.218988487320000509e-05
7.218988487320000509e-05
7.218988487320000509e-05
7.218988487320000509e-05
7.218988487320000509e-05
7.218988487320000509e-05
7.218988487320000509e-05
7.218988487320000509e-05
7.218988487320000509e-05
7.218988487320000509e-05
7.218988487320000509e-05
7.218988487320000509e-05
7.218988487320000509e-05
7.218988487320000509e-05
7.218988487320000509e-05
7.218988487320000509e-05
7.218988487320000509e-05
7.218988487320000509e-05
7.218988487320000509e-05
7.218988487320000509e-05
7.218988487320000509e-05
7.218988487320000509e-05
7.218988487320000509e-05
7.218988487320000509e-05
7.218988487320000509e-05
7.218988487320000509e-05
7.218988487320000509e-05
7.218988487320000509e-05
7.218988487320000509e-05
7.218988487320000509e-05
7.218988487320000509e-05
7.218988487320000509e-05
7.218988487320000509e-05
7.218988487320000509e-05
7.218988487320000509e-05
7.218988487320000509e-05
7.218988487320000509e-05
7.218988487320000509e-05
7.218988487320000509e-05
6.958245171880000522e-05
6.958245171880000522e-05
6.414911644640000643e-05
6.414911644640000643e-05
6.414911644640000643e-05
6.398079000299999593e-05
6.398079000299999593e-05
6.398079000299999593e-05
6.398079000299999593e-05
6.398079000299999593e-05
6.398079000299999593e-05
6.398079000299999593e-05
6.398079000299999593e-05
6.398079000299999593e-05
6.398079000299999593e-05
6.398079000299999593e-05
6.398079000299999593e-05
6.398079000299999593e-05
6.398079000299999593e-05
6.398079000299999593e-05
6.398079000299999593e-05
6.398079000299999593e-05
6.398079000299999593e-05
6.398079000299999593e-05
6.398079000299999593e-05
6.398079000299999593e-05
6.398079000299999593e-05
6.398079000299999593e-05
6.398079000299999593e-05
6.398079000299999593e-05
6.398079000299999593e-05
6.398079000299999593e-05
6.398079000299999593e-05
6.398079000299999593e-05
6.398079000299999593e-05
6.398079000299999593e-05
6.398079000299999593e-05
6.398079000299999593e-05
6.398079000299999593e-05
6.398079000299999593e-05
6.398079000299999593e-05
6.398079000299999593e-05
6.398079000299999593e-05
6.398079000299999593e-05
6.398079000299999593e-05
6.398079000299999593e-05
6.398079000299999593e-05
6.398079000299999593e-05
6.398079000299999593e-05
6.398079000299999593e-05
6.398079000299999593e-05
6.398079000299999593e-05
6.398079000299999593e-05
6.398079000299999593e-05
6.398079000299999593e-05
6.398079000299999593e-05
6.392415799129999457e-05
6.392415799129999457e-05
6.392415799129999457e-05
6.392415799129999457e-05
6.392415799129999457e-05
6.392415799129999457e-05
6.392415799129999457e-05
6.392415799129999457e-05
6.392415799129999457e-05
6.392415799129999457e-05
6.392415799129999457e-05
6.392415799129999457e-05
6.369927526389999948e-05
6.369927526389999948e-05
6.369927526389999948e-05
6.369927526389999948e-05
6.369927526389999948e-05
6.369927526389999948e-05
6.369927526389999948e-05
6.369927526389999948e-05
6.369927526389999948e-05
6.369927526389999948e-05
6.369927526389999948e-05
6.369927526389999948e-05
6.369927526389999948e-05
6.369927526389999948e-05
6.369927526389999948e-05
6.369927526389999948e-05
6.369927526389999948e-05
6.369927526389999948e-05
6.369927526389999948e-05
6.369927526389999948e-05
6.369927526389999948e-05
6.369927526389999948e-05
6.369927526389999948e-05
6.369927526389999948e-05
6.369927526389999948e-05
6.369927526389999948e-05
6.369927526389999948e-05
6.369927526389999948e-05
6.369927526389999948e-05
6.369927526389999948e-05
6.369927526389999948e-05
6.369927526389999948e-05
6.369927526389999948e-05
6.369927526389999948e-05
6.369927526389999948e-05
6.369927526389999948e-05
6.369927526389999948e-05
6.368883961990000450e-05
6.368883961990000450e-05
6.368883961990000450e-05
6.368883961990000450e-05
6.368796381300000661e-05
6.368796381300000661e-05
6.368796381300000661e-05
6.368796381300000661e-05
6.368796381300000661e-05
6.368796381300000661e-05
6.368796381300000661e-05
6.368796381300000661e-05
6.368796381300000661e-05
6.368796381300000661e-05
6.368796381300000661e-05
6.368796381300000661e-05
6.368796381300000661e-05
6.368796381300000661e-05
6.368796381300000661e-05
6.368796381300000661e-05
6.368796381300000661e-05
6.368796381300000661e-05
6.368796381300000661e-05
6.368796381300000661e-05
6.368796381300000661e-05
6.368796381300000661e-05
6.368796381300000661e-05
6.368796381300000661e-05
6.368796381300000661e-05
6.368796381300000661e-05
6.368796381300000661e-05
6.368796381300000661e-05
6.368796381300000661e-05
6.368796381300000661e-05
6.368796381300000661e-05
6.368796381300000661e-05
6.368796381300000661e-05
6.368796381300000661e-05
6.368796381300000661e-05
6.368796381300000661e-05
6.368796381300000661e-05
6.368796381300000661e-05
6.368796381300000661e-05
6.368796381300000661e-05
6.368796381300000661e-05
6.368796381300000661e-05
6.368796381300000661e-05
6.368796381300000661e-05
6.334969955120000045e-05
6.334969955120000045e-05
6.334969955120000045e-05
6.334969955120000045e-05
6.334969955120000045e-05
6.334969955120000045e-05
6.334969955120000045e-05
6.334969955120000045e-05
6.334969955120000045e-05
6.334969955120000045e-05
6.334969955120000045e-05
6.334969955120000045e-05
6.334969955120000045e-05
6.334969955120000045e-05
6.334969955120000045e-05
6.334969955120000045e-05
6.334969955120000045e-05
6.334969955120000045e-05
6.334969955120000045e-05
6.334969955120000045e-05
6.334515646110000064e-05
6.334515646110000064e-05
6.334515646110000064e-05
6.334515646110000064e-05
6.334515646110000064e-05
6.334515646110000064e-05
6.334515646110000064e-05
6.334515646110000064e-05
6.334515646110000064e-05
6.334515646110000064e-05
6.334515646110000064e-05
6.334515646110000064e-05
6.334515646110000064e-05
6.314613340029999716e-05
6.314613340029999716e-05
6.314613340029999716e-05
6.314613340029999716e-05
6.314613340029999716e-05
6.314613340029999716e-05
6.314613340029999716e-05
6.314613340029999716e-05
6.314613340029999716e-05
6.314613340029999716e-05
6.314613340029999716e-05
6.314613340029999716e-05
6.314613340029999716e-05
6.314613340029999716e-05
6.314613340029999716e-05
6.314613340029999716e-05
6.314613340029999716e-05
6.314613340029999716e-05
6.314613340029999716e-05
6.314613340029999716e-05
6.314613340029999716e-05
6.314613340029999716e-05
6.314613340029999716e-05
6.314613340029999716e-05
6.314613340029999716e-05
6.314613340029999716e-05
6.314613340029999716e-05
6.314613340029999716e-05
6.314613340029999716e-05
6.314613340029999716e-05
6.314613340029999716e-05
6.314613340029999716e-05
6.314613340029999716e-05
6.299943887620000084e-05
6.299943887620000084e-05
6.299943887620000084e-05
6.299943887620000084e-05
6.299943887620000084e-05
6.299943887620000084e-05
6.299943887620000084e-05
6.299943887620000084e-05
6.299943887620000084e-05
6.299943887620000084e-05
6.299943887620000084e-05
6.299943887620000084e-05
6.299943887620000084e-05
6.299943887620000084e-05
6.299943887620000084e-05
6.299943887620000084e-05
6.299943887620000084e-05
6.299943887620000084e-05
6.299943887620000084e-05
6.299943887620000084e-05
6.299943887620000084e-05
6.299943887620000084e-05
6.299943887620000084e-05
6.299943887620000084e-05
6.299943887620000084e-05
6.299943887620000084e-05
6.299943887620000084e-05
6.299943887620000084e-05
6.299943887620000084e-05
6.299943887620000084e-05
6.299943887620000084e-05
6.299943887620000084e-05
6.299943887620000084e-05
6.299943887620000084e-05
6.299943887620000084e-05
6.299943887620000084e-05
6.299943887620000084e-05
6.299943887620000084e-05
6.299943887620000084e-05
6.299943887620000084e-05
6.299943887620000084e-05
6.299943887620000084e-05
6.299943887620000084e-05
6.299943887620000084e-05
6.297970358609999346e-05
6.286204442880000349e-05
6.286204442880000349e-05
6.286204442880000349e-05
6.286204442880000349e-05
6.286204442880000349e-05
6.286204442880000349e-05
6.286204442880000349e-05
6.286204442880000349e-05
6.286204442880000349e-05
6.286204442880000349e-05
6.286204442880000349e-05
6.286204442880000349e-05
6.286204442880000349e-05
6.286204442880000349e-05
6.286204442880000349e-05
6.286204442880000349e-05
6.286204442880000349e-05
6.286204442880000349e-05
6.286204442880000349e-05
6.286204442880000349e-05
6.286204442880000349e-05
6.286204442880000349e-05
6.286204442880000349e-05
6.286204442880000349e-05
6.286204442880000349e-05
6.286204442880000349e-05
6.286204442880000349e-05
6.286204442880000349e-05
6.286204442880000349e-05
6.286204442880000349e-05
6.286204442880000349e-05
6.286204442880000349e-05
6.286204442880000349e-05
6.286204442880000349e-05
6.286204442880000349e-05
6.286204442880000349e-05
6.286204442880000349e-05
6.286204442880000349e-05
6.286204442880000349e-05
6.286204442880000349e-05
6.286204442880000349e-05
6.286204442880000349e-05
6.286204442880000349e-05
6.286204442880000349e-05
6.286204442880000349e-05
6.286204442880000349e-05
6.282867763409999851e-05
6.282867763409999851e-05
6.282867763409999851e-05
6.282867763409999851e-05
6.282867763409999851e-05
6.282867763409999851e-05
6.282867763409999851e-05
6.282867763409999851e-05
6.282867763409999851e-05
6.210991898620000205e-05
6.210991898620000205e-05
6.210991898620000205e-05
6.210991898620000205e-05
6.210991898620000205e-05
6.210991898620000205e-05
6.210991898620000205e-05
6.210991898620000205e-05
6.210991898620000205e-05
6.210991898620000205e-05
6.210067699299999468e-05
6.210067699299999468e-05
6.210067699299999468e-05
6.210067699299999468e-05
6.210067699299999468e-05
6.210067699299999468e-05
6.210067699299999468e-05
6.210067699299999468e-05
6.210067699299999468e-05
6.210067699299999468e-05
6.210067699299999468e-05
6.210067699299999468e-05
6.210067699299999468e-05
6.210067699299999468e-05
6.210067699299999468e-05
6.210067699299999468e-05
6.210067699299999468e-05
6.210067699299999468e-05
6.210067699299999468e-05
6.210067699299999468e-05
6.210067699299999468e-05
6.210067699299999468e-05
6.210067699299999468e-05
6.210067699299999468e-05
6.210067699299999468e-05
6.210067699299999468e-05
6.210067699299999468e-05
6.210067699299999468e-05
6.210067699299999468e-05
6.210067699299999468e-05
6.210067699299999468e-05
6.210067699299999468e-05
6.210067699299999468e-05
6.209316123500000471e-05
6.209316123500000471e-05
6.209316123500000471e-05
6.209316123500000471e-05
6.209316123500000471e-05
6.209316123500000471e-05
6.209316123500000471e-05
6.209316123500000471e-05
6.209316123500000471e-05
6.209316123500000471e-05
6.209316123500000471e-05
6.209316123500000471e-05
6.209316123500000471e-05
6.209316123500000471e-05
6.157203799799999594e-05
6.157203799799999594e-05
6.157203799799999594e-05
6.157203799799999594e-05
6.157203799799999594e-05
6.157203799799999594e-05
6.157203799799999594e-05
6.157203799799999594e-05
6.157203799799999594e-05
6.157203799799999594e-05
6.157203799799999594e-05
6.157203799799999594e-05
6.157203799799999594e-05
6.157203799799999594e-05
6.157203799799999594e-05
6.157203799799999594e-05
6.157203799799999594e-05
6.157203799799999594e-05
6.157203799799999594e-05
6.157203799799999594e-05
6.157203799799999594e-05
6.157203799799999594e-05
6.157203799799999594e-05
6.157203799799999594e-05
6.157203799799999594e-05
6.157203799799999594e-05
6.157203799799999594e-05
6.157203799799999594e-05
6.157203799799999594e-05
6.157203799799999594e-05
6.157203799799999594e-05
6.157203799799999594e-05
6.157203799799999594e-05
6.157203799799999594e-05
6.157203799799999594e-05
6.157203799799999594e-05
6.157203799799999594e-05
6.157203799799999594e-05
6.157203799799999594e-05
6.157203799799999594e-05
6.157203799799999594e-05
6.157203799799999594e-05
6.157203799799999594e-05
6.153616299040000055e-05
6.153616299040000055e-05
6.153616299040000055e-05
6.153616299040000055e-05
6.153616299040000055e-05
6.153616299040000055e-05
6.153616299040000055e-05
6.153616299040000055e-05
6.153616299040000055e-05
6.152980360330000597e-05
6.152980360330000597e-05
6.152980360330000597e-05
6.152980360330000597e-05
6.152980360330000597e-05
6.152980360330000597e-05
6.152980360330000597e-05
6.152980360330000597e-05
6.152980360330000597e-05
6.152980360330000597e-05
6.152980360330000597e-05
6.152980360330000597e-05
6.152980360330000597e-05
6.056180152930000217e-05
6.056180152930000217e-05
6.056180152930000217e-05
6.056180152930000217e-05
6.056180152930000217e-05
6.056180152930000217e-05
6.056180152930000217e-05
6.056180152930000217e-05
6.056180152930000217e-05
6.056180152930000217e-05
6.056180152930000217e-05
6.056180152930000217e-05
6.056180152930000217e-05
6.056180152930000217e-05
6.056180152930000217e-05
6.056180152930000217e-05
6.056180152930000217e-05
6.056180152930000217e-05
6.056180152930000217e-05
6.056180152930000217e-05
6.056180152930000217e-05
6.056180152930000217e-05
6.056180152930000217e-05
6.056180152930000217e-05
6.031438801519999971e-05
6.031438801519999971e-05
6.031438801519999971e-05
6.031438801519999971e-05
6.031438801519999971e-05
6.031438801519999971e-05
6.031438801519999971e-05
6.031438801519999971e-05
6.031438801519999971e-05
6.031438801519999971e-05
6.031438801519999971e-05
6.031438801519999971e-05
6.031438801519999971e-05
6.031438801519999971e-05
6.031438801519999971e-05
6.031438801519999971e-05
6.031438801519999971e-05
6.031438801519999971e-05
6.031438801519999971e-05
6.031438801519999971e-05
6.031438801519999971e-05
6.014676998360000162e-05
6.014676998360000162e-05
6.014676998360000162e-05
6.014676998360000162e-05
6.014676998360000162e-05
6.014676998360000162e-05
6.014676998360000162e-05
6.014676998360000162e-05
6.014676998360000162e-05
6.014676998360000162e-05
6.014676998360000162e-05
6.014676998360000162e-05
6.014676998360000162e-05
6.014676998360000162e-05
6.014676998360000162e-05
6.014676998360000162e-05
6.014676998360000162e-05
6.014676998360000162e-05
6.014676998360000162e-05
6.014676998360000162e-05
6.014676998360000162e-05
6.014676998360000162e-05
6.014676998360000162e-05
6.014676998360000162e-05
6.014676998360000162e-05
6.014676998360000162e-05
6.014676998360000162e-05
6.014676998360000162e-05
6.014676998360000162e-05
6.014676998360000162e-05
6.014676998360000162e-05
6.014676998360000162e-05
6.014676998360000162e-05
6.014676998360000162e-05
6.014676998360000162e-05
6.014676998360000162e-05
6.014676998360000162e-05
6.014676998360000162e-05
6.014676998360000162e-05
6.014676998360000162e-05
6.014676998360000162e-05
6.014676998360000162e-05
6.014676998360000162e-05
6.014676998360000162e-05
6.014676998360000162e-05
6.014676998360000162e-05
6.014676998360000162e-05
6.014676998360000162e-05
6.014676998360000162e-05
6.014676998360000162e-05
6.014676998360000162e-05
6.014676998360000162e-05
6.014676998360000162e-05
6.014676998360000162e-05
6.014676998360000162e-05
6.014676998360000162e-05
6.014676998360000162e-05
6.014676998360000162e-05
6.014676998360000162e-05
6.014676998360000162e-05
6.014676998360000162e-05
6.014676998360000162e-05
6.014676998360000162e-05
6.014676998360000162e-05
6.014676998360000162e-05
6.014676998360000162e-05
6.014676998360000162e-05
6.014676998360000162e-05
6.014676998360000162e-05
6.014676998360000162e-05
6.014676998360000162e-05
6.014676998360000162e-05
6.014676998360000162e-05
6.014676998360000162e-05
6.014676998360000162e-05
6.014676998360000162e-05
6.014676998360000162e-05
6.014676998360000162e-05
6.014676998360000162e-05
5.950275842900000300e-05
5.950275842900000300e-05
5.950275842900000300e-05
5.950275842900000300e-05
5.950275842900000300e-05
5.950275842900000300e-05
5.950275842900000300e-05
5.950275842900000300e-05
5.950275842900000300e-05
5.950275842900000300e-05
5.950275842900000300e-05
5.950275842900000300e-05
5.950275842900000300e-05
5.950275842900000300e-05
5.950275842900000300e-05
5.950275842900000300e-05
5.950275842900000300e-05
5.950275842900000300e-05
5.936055795440000222e-05
5.936055795440000222e-05
5.936055795440000222e-05
5.936055795440000222e-05
5.936055795440000222e-05
5.936055795440000222e-05
5.936055795440000222e-05
5.936055795440000222e-05
5.936055795440000222e-05
5.936055795440000222e-05
5.936055795440000222e-05
5.936055795440000222e-05
5.936055795440000222e-05
5.936055795440000222e-05
5.936055795440000222e-05
5.936055795440000222e-05
5.936055795440000222e-05
5.936055795440000222e-05
5.936055795440000222e-05
5.936055795440000222e-05
5.936055795440000222e-05
5.936055795440000222e-05
5.936055795440000222e-05
5.936055795440000222e-05
5.936055795440000222e-05
5.936055795440000222e-05
5.936055795440000222e-05
5.929328562349999967e-05
5.929328562349999967e-05
5.929328562349999967e-05
5.929328562349999967e-05
5.929328562349999967e-05
5.929328562349999967e-05
5.929328562349999967e-05
5.929328562349999967e-05
5.929328562349999967e-05
5.929328562349999967e-05
5.929328562349999967e-05
5.929328562349999967e-05
5.929328562349999967e-05
5.929328562349999967e-05
5.929328562349999967e-05
5.929328562349999967e-05
5.929328562349999967e-05
5.929328562349999967e-05
5.929328562349999967e-05
5.929328562349999967e-05
5.929328562349999967e-05
5.929328562349999967e-05
5.929328562349999967e-05
5.929328562349999967e-05
5.929328562349999967e-05
5.929328562349999967e-05
5.929328562349999967e-05
5.929328562349999967e-05
5.929328562349999967e-05
5.929328562349999967e-05
5.929328562349999967e-05
5.929328562349999967e-05
5.929328562349999967e-05
5.929328562349999967e-05
5.929328562349999967e-05
5.929328562349999967e-05
5.929328562349999967e-05
5.929328562349999967e-05
5.929328562349999967e-05
5.929328562349999967e-05
5.929328562349999967e-05
5.929328562349999967e-05
5.929328562349999967e-05
5.929328562349999967e-05
5.929328562349999967e-05
5.929328562349999967e-05
5.929328562349999967e-05
5.929328562349999967e-05
5.929328562349999967e-05
5.929328562349999967e-05
5.929328562349999967e-05
5.929328562349999967e-05
5.929328562349999967e-05
5.929328562349999967e-05
5.929328562349999967e-05
5.929328562349999967e-05
5.929328562349999967e-05
5.929328562349999967e-05
5.929328562349999967e-05
5.929328562349999967e-05
5.929328562349999967e-05
5.929328562349999967e-05
5.929328562349999967e-05
5.929328562349999967e-05
5.929328562349999967e-05
5.929328562349999967e-05
5.929328562349999967e-05
5.929328562349999967e-05
5.929328562349999967e-05
5.929328562349999967e-05
5.929328562349999967e-05
5.929328562349999967e-05
5.929328562349999967e-05
5.929328562349999967e-05
5.929328562349999967e-05
5.929328562349999967e-05
5.929328562349999967e-05
5.929328562349999967e-05
5.929328562349999967e-05
5.929328562349999967e-05
5.920897090599999940e-05
5.920897090599999940e-05
5.920897090599999940e-05
5.920897090599999940e-05
5.920897090599999940e-05
5.920897090599999940e-05
5.920897090599999940e-05
5.920897090599999940e-05
5.920897090599999940e-05
5.920897090599999940e-05
5.920897090599999940e-05
5.920897090599999940e-05
5.920897090599999940e-05
5.920897090599999940e-05
5.920897090599999940e-05
5.920897090599999940e-05
5.920897090599999940e-05
5.920897090599999940e-05
5.920897090599999940e-05
5.920897090599999940e-05
5.920897090599999940e-05
5.920897090599999940e-05
5.920897090599999940e-05
5.920897090599999940e-05
5.920897090599999940e-05
5.920897090599999940e-05
5.920897090599999940e-05
5.920897090599999940e-05
5.920897090599999940e-05
5.920897090599999940e-05
5.920897090599999940e-05
5.920897090599999940e-05
5.920897090599999940e-05
5.920897090599999940e-05
5.920897090599999940e-05
5.920897090599999940e-05
5.920897090599999940e-05
5.920897090599999940e-05
5.920897090599999940e-05
5.920897090599999940e-05
5.920897090599999940e-05
5.920897090599999940e-05
5.920897090599999940e-05
5.920897090599999940e-05
5.920897090599999940e-05
5.920897090599999940e-05
5.912353036709999942e-05
5.912353036709999942e-05
5.912353036709999942e-05
5.912353036709999942e-05
5.912353036709999942e-05
5.912353036709999942e-05
5.912353036709999942e-05
5.912353036709999942e-05
5.912353036709999942e-05
5.912353036709999942e-05
5.912353036709999942e-05
5.912353036709999942e-05
5.912353036709999942e-05
5.912353036709999942e-05
5.912353036709999942e-05
5.912353036709999942e-05
5.912353036709999942e-05
5.912353036709999942e-05
5.912353036709999942e-05
5.912353036709999942e-05
5.912353036709999942e-05
5.912353036709999942e-05
5.912353036709999942e-05
5.912353036709999942e-05
5.912353036709999942e-05
5.912353036709999942e-05
5.912353036709999942e-05
5.912353036709999942e-05
5.912353036709999942e-05
5.912353036709999942e-05
5.912353036709999942e-05
5.912353036709999942e-05
5.912353036709999942e-05
5.912353036709999942e-05
5.912353036709999942e-05
5.912353036709999942e-05
5.912353036709999942e-05
5.912353036709999942e-05
5.912353036709999942e-05
5.912353036709999942e-05
5.912353036709999942e-05
5.912353036709999942e-05
5.912353036709999942e-05
5.912353036709999942e-05
5.912353036709999942e-05
5.912353036709999942e-05
5.912353036709999942e-05
5.912353036709999942e-05
5.912353036709999942e-05
5.912353036709999942e-05
5.912353036709999942e-05
5.912353036709999942e-05
5.912353036709999942e-05
5.912353036709999942e-05
5.912353036709999942e-05
5.912353036709999942e-05
5.912353036709999942e-05
5.912353036709999942e-05
5.912353036709999942e-05
5.912353036709999942e-05
5.912353036709999942e-05
5.912353036709999942e-05
5.912353036709999942e-05
5.912353036709999942e-05
5.912353036709999942e-05
5.912353036709999942e-05
5.912353036709999942e-05
5.912353036709999942e-05
5.912353036709999942e-05
5.912353036709999942e-05
5.912353036709999942e-05
5.912353036709999942e-05
5.912353036709999942e-05
5.912353036709999942e-05
5.912353036709999942e-05
5.912353036709999942e-05
5.912353036709999942e-05
5.912353036709999942e-05
5.912353036709999942e-05
5.912353036709999942e-05
5.912353036709999942e-05
5.912353036709999942e-05
5.912353036709999942e-05
5.912353036709999942e-05
5.912353036709999942e-05
5.912353036709999942e-05
5.912353036709999942e-05
5.912353036709999942e-05
5.912353036709999942e-05
5.912353036709999942e-05
5.912353036709999942e-05
5.912353036709999942e-05
5.912353036709999942e-05
5.912353036709999942e-05
5.912353036709999942e-05
5.912353036709999942e-05
5.912353036709999942e-05
5.912353036709999942e-05
5.912353036709999942e-05
5.912128950519999679e-05
5.912128950519999679e-05
5.912128950519999679e-05
5.912128950519999679e-05
5.912128950519999679e-05
5.912128950519999679e-05
5.912128950519999679e-05
5.912128950519999679e-05
5.912128950519999679e-05
5.912128950519999679e-05
5.912128950519999679e-05
5.912128950519999679e-05
5.912128950519999679e-05
5.912128950519999679e-05
5.912128950519999679e-05
5.912128950519999679e-05
5.912128950519999679e-05
5.912128950519999679e-05
5.912128950519999679e-05
5.912128950519999679e-05
5.912128950519999679e-05
5.912128950519999679e-05
5.912128950519999679e-05
5.912128950519999679e-05
5.912128950519999679e-05
5.912128950519999679e-05
5.912128950519999679e-05
5.912128950519999679e-05
5.912128950519999679e-05
5.912128950519999679e-05
5.912128950519999679e-05
5.912128950519999679e-05
5.912128950519999679e-05
5.912128950519999679e-05
5.912128950519999679e-05
5.912128950519999679e-05
5.912128950519999679e-05
5.912128950519999679e-05
5.912128950519999679e-05
5.912128950519999679e-05
5.912128950519999679e-05
5.912128950519999679e-05
5.912128950519999679e-05
5.912128950519999679e-05
5.912128950519999679e-05
5.912128950519999679e-05
5.912128950519999679e-05
5.912128950519999679e-05
5.912128950519999679e-05
5.912128950519999679e-05
5.912128950519999679e-05
5.912128950519999679e-05
5.912128950519999679e-05
5.912128950519999679e-05
5.912128950519999679e-05
5.912128950519999679e-05
5.912128950519999679e-05
5.912128950519999679e-05
5.912128950519999679e-05
5.912128950519999679e-05
5.912128950519999679e-05
5.912128950519999679e-05
5.912128950519999679e-05
5.912128950519999679e-05
5.912128950519999679e-05
5.912128950519999679e-05
5.912128950519999679e-05
5.912128950519999679e-05
5.912128950519999679e-05
5.912128950519999679e-05
5.912128950519999679e-05
5.912128950519999679e-05
