5.747425240225000065e-03
2.953624978405000210e-04
2.121952746410000026e-04
1.905882874765000147e-04
1.675240132344999800e-04
1.254639164893999977e-04
9.930833895250001106e-05
9.930833895250001106e-05
9.930833895250001106e-05
9.409362241715000120e-05
8.762937626755000595e-05
8.762937626755000595e-05
8.762937626755000595e-05
7.949017787720000239e-05
7.949017787720000239e-05
6.893633626775000584e-05
6.768155099785001208e-05
6.663425730815000585e-05
6.645832261214999997e-05
6.487711193544999969e-05
6.487711193544999969e-05
6.321553515830000938e-05
6.321553515830000938e-05
6.321553515830000938e-05
6.307726275324999064e-05
6.307726275324999064e-05
6.307726275324999064e-05
6.307726275324999064e-05
6.295034651114999940e-05
6.292042537654999755e-05
6.292042537654999755e-05
6.292042537654999755e-05
6.292042537654999755e-05
6.292042537654999755e-05
6.292042537654999755e-05
6.292042537654999755e-05
6.292042537654999755e-05
6.292042537654999755e-05
6.292042537654999755e-05
6.292042537654999755e-05
6.292042537654999755e-05
6.289516962665000653e-05
6.289516962665000653e-05
6.289516962665000653e-05
6.287197785905000106e-05
6.287197785905000106e-05
6.287197785905000106e-05
6.287197785905000106e-05
6.286050069285000538e-05
6.286050069285000538e-05
6.264193214835000253e-05
6.264193214835000253e-05
6.264193214835000253e-05
6.264193214835000253e-05
6.264193214835000253e-05
6.264193214835000253e-05
6.258185176630000487e-05
6.258185176630000487e-05
6.255499689590000151e-05
6.244431565089999039e-05
6.244431565089999039e-05
6.214190939110000780e-05
6.214190939110000780e-05
6.214190939110000780e-05
6.214190939110000780e-05
6.214190939110000780e-05
6.214190939110000780e-05
6.214190939110000780e-05
6.214190939110000780e-05
6.214190939110000780e-05
6.214190939110000780e-05
6.214190939110000780e-05
6.206238369150000270e-05
6.203911474794999970e-05
6.203911474794999970e-05
6.203911474794999970e-05
6.203911474794999970e-05
6.203911474794999970e-05
6.203911474794999970e-05
6.203911474794999970e-05
6.203911474794999970e-05
6.203911474794999970e-05
6.203911474794999970e-05
6.203911474794999970e-05
6.203911474794999970e-05
6.203911474794999970e-05
6.203911474794999970e-05
6.203911474794999970e-05
6.203911474794999970e-05
6.203911474794999970e-05
6.203911474794999970e-05
6.203911474794999970e-05
6.203911474794999970e-05
6.203911474794999970e-05
6.203911474794999970e-05
6.203911474794999970e-05
6.203911474794999970e-05
6.199477225280000008e-05
6.199477225280000008e-05
6.185661954219999795e-05
6.185661954219999795e-05
6.185661954219999795e-05
6.185661954219999795e-05
6.185661954219999795e-05
6.185661954219999795e-05
6.185661954219999795e-05
6.185661954219999795e-05
6.185661954219999795e-05
6.185661954219999795e-05
6.185661954219999795e-05
6.185661954219999795e-05
6.185661954219999795e-05
6.185661954219999795e-05
6.185661954219999795e-05
6.185661954219999795e-05
6.185661954219999795e-05
6.185661954219999795e-05
6.185661954219999795e-05
6.185661954219999795e-05
6.185343337580000080e-05
6.185343337580000080e-05
6.185343337580000080e-05
6.185343337580000080e-05
6.185343337580000080e-05
6.185343337580000080e-05
6.185343337580000080e-05
6.185343337580000080e-05
6.185343337580000080e-05
6.179043299554999461e-05
6.179043299554999461e-05
6.179043299554999461e-05
6.179043299554999461e-05
6.179043299554999461e-05
6.179043299554999461e-05
6.176691452634999844e-05
6.176691452634999844e-05
6.168232982990000163e-05
6.168232982990000163e-05
6.168232982990000163e-05
6.168232982990000163e-05
6.168232982990000163e-05
6.167908276285000299e-05
6.167908276285000299e-05
6.167908276285000299e-05
6.167908276285000299e-05
6.167908276285000299e-05
6.167908276285000299e-05
6.167908276285000299e-05
6.167908276285000299e-05
6.167908276285000299e-05
6.167908276285000299e-05
6.167908276285000299e-05
6.167908276285000299e-05
6.167908276285000299e-05
6.167908276285000299e-05
6.140298213734999623e-05
6.140298213734999623e-05
6.140298213734999623e-05
6.140298213734999623e-05
6.140298213734999623e-05
6.140180448710000111e-05
6.140180448710000111e-05
6.140180448710000111e-05
6.140180448710000111e-05
6.140180448710000111e-05
6.140180448710000111e-05
6.140180448710000111e-05
6.140180448710000111e-05
6.140180448710000111e-05
6.140180448710000111e-05
6.140180448710000111e-05
6.140180448710000111e-05
6.140180448710000111e-05
6.140180448710000111e-05
6.140180448710000111e-05
6.140180448710000111e-05
6.140180448710000111e-05
6.140180448710000111e-05
6.140180448710000111e-05
6.140180448710000111e-05
6.140180448710000111e-05
6.140180448710000111e-05
6.140180448710000111e-05
6.140180448710000111e-05
6.140180448710000111e-05
6.140180448710000111e-05
6.140180448710000111e-05
6.140180448710000111e-05
6.140180448710000111e-05
6.140180448710000111e-05
6.140180448710000111e-05
6.140180448710000111e-05
6.140180448710000111e-05
6.140180448710000111e-05
6.140180448710000111e-05
6.140180448710000111e-05
6.140180448710000111e-05
6.140180448710000111e-05
6.140180448710000111e-05
6.120044259905000402e-05
6.120044259905000402e-05
6.120044259905000402e-05
6.120044259905000402e-05
6.120044259905000402e-05
6.120044259905000402e-05
6.120044259905000402e-05
6.120044259905000402e-05
6.120044259905000402e-05
6.120044259905000402e-05
6.120044259905000402e-05
6.120044259905000402e-05
6.120044259905000402e-05
6.120044259905000402e-05
6.120044259905000402e-05
6.120044259905000402e-05
6.120044259905000402e-05
6.120044259905000402e-05
6.120044259905000402e-05
6.120044259905000402e-05
6.120044259905000402e-05
6.120044259905000402e-05
6.120044259905000402e-05
6.120044259905000402e-05
6.120044259905000402e-05
6.120044259905000402e-05
6.120044259905000402e-05
6.120044259905000402e-05
6.120044259905000402e-05
6.120044259905000402e-05
6.120044259905000402e-05
6.120044259905000402e-05
6.120044259905000402e-05
6.106833113589999645e-05
6.106833113589999645e-05
6.106833113589999645e-05
6.106833113589999645e-05
6.106833113589999645e-05
6.106833113589999645e-05
6.106833113589999645e-05
6.106833113589999645e-05
6.106833113589999645e-05
6.106833113589999645e-05
6.106833113589999645e-05
6.106833113589999645e-05
6.098631337825000099e-05
6.098631337825000099e-05
6.098631337825000099e-05
6.098631337825000099e-05
6.098631337825000099e-05
6.098631337825000099e-05
6.098631337825000099e-05
6.098631337825000099e-05
6.098631337825000099e-05
6.068708805764999506e-05
6.068708805764999506e-05
6.048635820290000273e-05
6.048635820290000273e-05
6.048635820290000273e-05
6.048635820290000273e-05
6.048635820290000273e-05
6.048635820290000273e-05
6.048635820290000273e-05
6.048635820290000273e-05
6.030646701050000245e-05
6.030646701050000245e-05
6.030646701050000245e-05
5.996761859760000040e-05
5.996761859760000040e-05
5.996761859760000040e-05
5.996761859760000040e-05
5.996761859760000040e-05
5.996761859760000040e-05
5.996761859760000040e-05
5.996761859760000040e-05
5.996761859760000040e-05
5.996761859760000040e-05
5.996761859760000040e-05
5.996761859760000040e-05
5.996761859760000040e-05
5.996761859760000040e-05
5.996761859760000040e-05
5.996761859760000040e-05
5.996761859760000040e-05
5.996761859760000040e-05
5.996761859760000040e-05
5.996761859760000040e-05
5.996761859760000040e-05
5.996761859760000040e-05
5.996761859760000040e-05
5.996761859760000040e-05
5.996761859760000040e-05
5.996761859760000040e-05
5.996761859760000040e-05
5.996761859760000040e-05
5.996761859760000040e-05
5.996761859760000040e-05
5.996761859760000040e-05
5.996761859760000040e-05
5.996761859760000040e-05
5.996761859760000040e-05
5.981329909030000326e-05
5.981329909030000326e-05
5.981329909030000326e-05
5.981329909030000326e-05
5.981329909030000326e-05
5.981329909030000326e-05
5.981329909030000326e-05
5.981329909030000326e-05
5.981329909030000326e-05
5.981329909030000326e-05
5.981329909030000326e-05
5.981329909030000326e-05
5.981329909030000326e-05
5.981329909030000326e-05
5.981329909030000326e-05
5.981329909030000326e-05
5.981329909030000326e-05
5.981329909030000326e-05
5.981329909030000326e-05
5.981329909030000326e-05
5.981329909030000326e-05
5.981329909030000326e-05
5.981329909030000326e-05
5.981329909030000326e-05
5.981329909030000326e-05
5.981329909030000326e-05
5.981329909030000326e-05
5.981329909030000326e-05
5.981329909030000326e-05
5.981329909030000326e-05
5.981329909030000326e-05
5.981329909030000326e-05
5.979925606545000020e-05
5.979925606545000020e-05
5.979925606545000020e-05
5.979925606545000020e-05
5.979925606545000020e-05
5.979925606545000020e-05
5.979925606545000020e-05
5.979925606545000020e-05
5.979925606545000020e-05
5.979925606545000020e-05
5.979925606545000020e-05
5.979925606545000020e-05
5.979925606545000020e-05
5.979925606545000020e-05
5.979925606545000020e-05
5.979925606545000020e-05
5.979925606545000020e-05
5.979925606545000020e-05
5.979925606545000020e-05
5.979760948284999604e-05
5.979760948284999604e-05
5.979760948284999604e-05
5.979760948284999604e-05
5.979760948284999604e-05
5.979760948284999604e-05
5.979760948284999604e-05
5.979760948284999604e-05
5.979760948284999604e-05
5.979760948284999604e-05
5.979760948284999604e-05
5.979760948284999604e-05
5.979760948284999604e-05
5.979760948284999604e-05
5.979760948284999604e-05
5.979760948284999604e-05
5.979760948284999604e-05
5.979760948284999604e-05
5.979760948284999604e-05
5.979760948284999604e-05
5.979760948284999604e-05
5.979760948284999604e-05
5.979760948284999604e-05
5.979760948284999604e-05
5.979760948284999604e-05
5.979760948284999604e-05
5.979760948284999604e-05
5.974336076059999620e-05
5.974336076059999620e-05
5.974336076059999620e-05
5.974336076059999620e-05
5.974336076059999620e-05
5.974336076059999620e-05
5.974336076059999620e-05
5.974336076059999620e-05
5.974336076059999620e-05
5.974336076059999620e-05
5.974336076059999620e-05
5.974336076059999620e-05
5.974336076059999620e-05
5.974336076059999620e-05
5.974336076059999620e-05
5.974336076059999620e-05
5.974336076059999620e-05
5.974336076059999620e-05
5.974336076059999620e-05
5.974336076059999620e-05
5.974336076059999620e-05
5.974336076059999620e-05
5.974336076059999620e-05
5.974336076059999620e-05
5.974336076059999620e-05
5.974336076059999620e-05
5.974336076059999620e-05
5.974336076059999620e-05
5.974336076059999620e-05
5.974336076059999620e-05
5.974336076059999620e-05
5.974336076059999620e-05
5.974336076059999620e-05
5.974336076059999620e-05
5.974336076059999620e-05
5.974336076059999620e-05
5.974336076059999620e-05
5.974336076059999620e-05
5.974336076059999620e-05
5.974336076059999620e-05
5.974336076059999620e-05
5.974336076059999620e-05
5.974336076059999620e-05
5.974336076059999620e-05
5.974336076059999620e-05
5.974336076059999620e-05
5.974336076059999620e-05
5.974336076059999620e-05
5.974336076059999620e-05
5.974336076059999620e-05
5.974336076059999620e-05
5.974336076059999620e-05
5.974336076059999620e-05
5.974336076059999620e-05
5.974336076059999620e-05
5.974336076059999620e-05
5.974336076059999620e-05
5.974336076059999620e-05
5.974336076059999620e-05
5.974336076059999620e-05
5.974336076059999620e-05
5.974336076059999620e-05
5.974336076059999620e-05
5.974336076059999620e-05
5.974336076059999620e-05
5.974336076059999620e-05
5.974336076059999620e-05
5.974336076059999620e-05
5.974336076059999620e-05
5.974336076059999620e-05
5.974336076059999620e-05
5.974336076059999620e-05
5.974336076059999620e-05
5.974336076059999620e-05
5.974336076059999620e-05
5.974336076059999620e-05
5.910419273814999979e-05
5.910419273814999979e-05
5.910419273814999979e-05
5.910419273814999979e-05
5.910419273814999979e-05
5.910419273814999979e-05
5.910419273814999979e-05
5.910419273814999979e-05
5.910419273814999979e-05
5.910419273814999979e-05
5.910419273814999979e-05
5.910419273814999979e-05
5.910419273814999979e-05
5.875541171555000153e-05
5.875541171555000153e-05
5.875541171555000153e-05
5.875541171555000153e-05
5.875541171555000153e-05
5.875541171555000153e-05
5.875541171555000153e-05
5.875541171555000153e-05
5.875541171555000153e-05
5.875541171555000153e-05
5.875541171555000153e-05
5.875541171555000153e-05
5.875541171555000153e-05
5.875541171555000153e-05
5.875541171555000153e-05
5.875541171555000153e-05
5.875541171555000153e-05
5.875541171555000153e-05
5.875541171555000153e-05
5.875541171555000153e-05
5.875541171555000153e-05
5.875541171555000153e-05
5.875541171555000153e-05
5.875541171555000153e-05
5.833715071310000038e-05
5.833715071310000038e-05
5.833715071310000038e-05
5.833715071310000038e-05
5.833715071310000038e-05
5.833715071310000038e-05
5.833715071310000038e-05
5.833715071310000038e-05
5.833715071310000038e-05
5.833715071310000038e-05
5.766812045654999867e-05
5.766812045654999867e-05
5.766812045654999867e-05
5.766812045654999867e-05
5.766812045654999867e-05
5.766812045654999867e-05
5.766812045654999867e-05
5.766812045654999867e-05
5.766812045654999867e-05
5.766812045654999867e-05
5.766812045654999867e-05
5.766812045654999867e-05
5.762977033864999935e-05
5.762977033864999935e-05
5.762977033864999935e-05
5.762977033864999935e-05
5.762977033864999935e-05
5.762977033864999935e-05
5.762977033864999935e-05
5.762977033864999935e-05
5.762977033864999935e-05
5.762977033864999935e-05
5.762977033864999935e-05
5.762977033864999935e-05
5.762977033864999935e-05
5.762977033864999935e-05
5.762977033864999935e-05
5.762977033864999935e-05
5.762977033864999935e-05
5.762977033864999935e-05
5.762977033864999935e-05
5.762977033864999935e-05
5.762977033864999935e-05
5.762977033864999935e-05
5.742182375854999765e-05
5.742182375854999765e-05
5.742182375854999765e-05
5.742182375854999765e-05
5.742182375854999765e-05
5.742182375854999765e-05
5.742182375854999765e-05
5.742182375854999765e-05
5.742182375854999765e-05
5.742182375854999765e-05
5.742182375854999765e-05
5.742182375854999765e-05
5.742182375854999765e-05
5.742182375854999765e-05
5.742182375854999765e-05
5.742182375854999765e-05
5.742182375854999765e-05
5.742182375854999765e-05
5.742182375854999765e-05
5.742182375854999765e-05
5.742182375854999765e-05
5.742182375854999765e-05
5.742182375854999765e-05
5.742182375854999765e-05
5.742182375854999765e-05
5.742182375854999765e-05
5.742182375854999765e-05
5.742182375854999765e-05
5.742182375854999765e-05
5.742182375854999765e-05
5.742182375854999765e-05
5.742182375854999765e-05
5.742182375854999765e-05
5.723743615275000540e-05
5.723743615275000540e-05
5.723743615275000540e-05
5.723743615275000540e-05
5.723743615275000540e-05
5.723743615275000540e-05
5.723743615275000540e-05
5.723743615275000540e-05
5.723743615275000540e-05
5.723743615275000540e-05
5.723743615275000540e-05
5.723743615275000540e-05
5.723743615275000540e-05
5.723743615275000540e-05
5.723743615275000540e-05
5.707253751804999977e-05
5.707253751804999977e-05
5.707253751804999977e-05
5.707253751804999977e-05
5.707253751804999977e-05
5.707253751804999977e-05
5.707253751804999977e-05
5.707253751804999977e-05
5.707253751804999977e-05
5.707253751804999977e-05
5.707253751804999977e-05
5.707253751804999977e-05
5.707253751804999977e-05
5.707253751804999977e-05
5.707253751804999977e-05
5.707253751804999977e-05
5.707253751804999977e-05
5.707253751804999977e-05
5.707253751804999977e-05
5.707253751804999977e-05
5.707253751804999977e-05
5.707253751804999977e-05
5.707253751804999977e-05
5.707253751804999977e-05
5.707253751804999977e-05
5.707253751804999977e-05
5.707253751804999977e-05
5.707253751804999977e-05
5.707253751804999977e-05
5.707253751804999977e-05
5.707253751804999977e-05
5.707253751804999977e-05
5.707253751804999977e-05
5.707253751804999977e-05
5.707253751804999977e-05
5.707253751804999977e-05
5.707253751804999977e-05
5.707253751804999977e-05
5.707253751804999977e-05
5.707253751804999977e-05
5.707253751804999977e-05
5.707253751804999977e-05
5.707253751804999977e-05
5.707253751804999977e-05
5.707253751804999977e-05
5.707253751804999977e-05
5.707253751804999977e-05
5.707253751804999977e-05
5.706853282199999817e-05
5.706853282199999817e-05
5.706853282199999817e-05
5.706853282199999817e-05
5.706853282199999817e-05
5.706114307239999804e-05
5.706114307239999804e-05
5.706114307239999804e-05
5.706114307239999804e-05
5.706114307239999804e-05
5.706114307239999804e-05
5.706114307239999804e-05
5.706114307239999804e-05
5.706114307239999804e-05
5.706114307239999804e-05
5.706114307239999804e-05
5.706114307239999804e-05
5.706114307239999804e-05
5.706114307239999804e-05
5.706114307239999804e-05
5.706114307239999804e-05
5.706114307239999804e-05
5.706114307239999804e-05
5.706114307239999804e-05
5.706114307239999804e-05
5.706114307239999804e-05
5.706114307239999804e-05
5.706114307239999804e-05
5.677782136844999558e-05
5.677782136844999558e-05
5.677782136844999558e-05
5.677782136844999558e-05
5.677782136844999558e-05
5.677782136844999558e-05
5.677782136844999558e-05
5.677782136844999558e-05
5.677782136844999558e-05
5.677782136844999558e-05
5.677782136844999558e-05
5.677782136844999558e-05
5.677782136844999558e-05
5.677782136844999558e-05
5.677782136844999558e-05
5.671004994034999601e-05
5.671004994034999601e-05
5.671004994034999601e-05
5.671004994034999601e-05
5.671004994034999601e-05
5.671004994034999601e-05
5.671004994034999601e-05
5.671004994034999601e-05
5.671004994034999601e-05
5.671004994034999601e-05
5.671004994034999601e-05
5.671004994034999601e-05
5.671004994034999601e-05
5.671004994034999601e-05
5.671004994034999601e-05
5.671004994034999601e-05
5.671004994034999601e-05
5.671004994034999601e-05
5.671004994034999601e-05
5.671004994034999601e-05
5.671004994034999601e-05
5.671004994034999601e-05
5.671004994034999601e-05
5.671004994034999601e-05
5.671004994034999601e-05
5.671004994034999601e-05
5.671004994034999601e-05
5.671004994034999601e-05
5.671004994034999601e-05
5.601394387319999740e-05
5.599908029144999930e-05
5.599908029144999930e-05
5.599908029144999930e-05
5.599908029144999930e-05
5.599908029144999930e-05
5.599908029144999930e-05
5.599908029144999930e-05
5.599908029144999930e-05
5.599908029144999930e-05
5.599908029144999930e-05
5.599908029144999930e-05
5.599908029144999930e-05
5.599908029144999930e-05
5.599908029144999930e-05
5.599908029144999930e-05
5.599908029144999930e-05
5.599908029144999930e-05
5.599908029144999930e-05
5.599908029144999930e-05
5.599908029144999930e-05
5.599908029144999930e-05
5.599908029144999930e-05
5.599908029144999930e-05
5.599908029144999930e-05
5.599908029144999930e-05
5.599908029144999930e-05
5.599908029144999930e-05
5.599908029144999930e-05
5.599908029144999930e-05
5.599908029144999930e-05
5.599908029144999930e-05
5.599908029144999930e-05
5.599908029144999930e-05
5.599908029144999930e-05
5.599908029144999930e-05
5.599908029144999930e-05
5.599908029144999930e-05
5.599908029144999930e-05
5.599908029144999930e-05
5.599908029144999930e-05
5.599908029144999930e-05
5.599908029144999930e-05
5.599908029144999930e-05
5.599908029144999930e-05
5.599908029144999930e-05
5.599908029144999930e-05
5.599908029144999930e-05
5.599908029144999930e-05
5.599908029144999930e-05
5.599908029144999930e-05
5.599908029144999930e-05
5.599908029144999930e-05
5.599908029144999930e-05
5.599908029144999930e-05
5.599908029144999930e-05
5.599908029144999930e-05
5.599908029144999930e-05
5.599908029144999930e-05
5.599908029144999930e-05
5.599908029144999930e-05
5.599908029144999930e-05
5.599908029144999930e-05
5.599908029144999930e-05
5.599908029144999930e-05
5.599908029144999930e-05
5.599908029144999930e-05
5.580064448710000068e-05
5.580064448710000068e-05
5.580064448710000068e-05
5.580064448710000068e-05
5.580064448710000068e-05
5.580064448710000068e-05
5.580064448710000068e-05
5.580064448710000068e-05
5.580064448710000068e-05
5.580064448710000068e-05
5.580064448710000068e-05
5.580064448710000068e-05
5.580064448710000068e-05
5.580064448710000068e-05
5.580064448710000068e-05
5.580064448710000068e-05
5.580064448710000068e-05
5.580064448710000068e-05
5.580064448710000068e-05
5.580064448710000068e-05
5.580064448710000068e-05
5.580064448710000068e-05
5.580064448710000068e-05
5.580064448710000068e-05
5.580064448710000068e-05
5.580064448710000068e-05
5.580064448710000068e-05
5.580064448710000068e-05
5.580064448710000068e-05
5.580064448710000068e-05
5.580064448710000068e-05
5.580064448710000068e-05
5.580064448710000068e-05
5.579752068520000164e-05
5.579752068520000164e-05
5.579752068520000164e-05
5.579752068520000164e-05
5.579752068520000164e-05
5.579752068520000164e-05
5.579752068520000164e-05
5.579752068520000164e-05
5.579752068520000164e-05
5.579752068520000164e-05
5.579752068520000164e-05
5.579752068520000164e-05
5.579752068520000164e-05
5.579752068520000164e-05
5.579752068520000164e-05
5.579752068520000164e-05
5.579752068520000164e-05
5.579752068520000164e-05
5.579752068520000164e-05
5.579752068520000164e-05
5.579752068520000164e-05
5.579752068520000164e-05
5.579752068520000164e-05
5.579752068520000164e-05
5.579752068520000164e-05
5.579752068520000164e-05
5.579752068520000164e-05
5.579752068520000164e-05
5.579752068520000164e-05
5.579752068520000164e-05
5.579752068520000164e-05
5.579752068520000164e-05
5.579752068520000164e-05
5.579752068520000164e-05
5.579752068520000164e-05
5.579752068520000164e-05
5.579752068520000164e-05
5.579752068520000164e-05
5.579752068520000164e-05
5.579752068520000164e-05
5.579752068520000164e-05
5.579752068520000164e-05
5.579752068520000164e-05
5.579752068520000164e-05
5.579752068520000164e-05
5.579752068520000164e-05
5.579752068520000164e-05
5.579752068520000164e-05
5.579752068520000164e-05
5.579752068520000164e-05
5.579752068520000164e-05
5.579752068520000164e-05
5.579752068520000164e-05
5.579513001475000056e-05
5.579513001475000056e-05
5.579513001475000056e-05
5.579513001475000056e-05
5.579513001475000056e-05
5.579513001475000056e-05
5.579513001475000056e-05
5.579513001475000056e-05
5.579513001475000056e-05
5.579513001475000056e-05
5.579513001475000056e-05
5.579513001475000056e-05
5.579513001475000056e-05
5.579513001475000056e-05
5.579513001475000056e-05
5.579513001475000056e-05
5.579513001475000056e-05
5.579513001475000056e-05
5.579513001475000056e-05
5.579513001475000056e-05
5.579513001475000056e-05
5.579513001475000056e-05
5.579513001475000056e-05
5.579513001475000056e-05
5.579513001475000056e-05
5.579513001475000056e-05
5.579513001475000056e-05
5.579513001475000056e-05
5.579513001475000056e-05
5.579513001475000056e-05
5.579513001475000056e-05
5.579513001475000056e-05
5.579513001475000056e-05
5.579513001475000056e-05
5.579513001475000056e-05
5.579513001475000056e-05
5.579513001475000056e-05
5.579513001475000056e-05
5.579513001475000056e-05
5.579513001475000056e-05
5.579513001475000056e-05
5.579513001475000056e-05
5.579513001475000056e-05
5.579513001475000056e-05
5.579513001475000056e-05
5.579513001475000056e-05
5.579513001475000056e-05
5.579513001475000056e-05
5.579513001475000056e-05
5.579513001475000056e-05
5.579513001475000056e-05
5.579300357345000008e-05
5.579300357345000008e-05
5.579300357345000008e-05
5.579300357345000008e-05
5.579300357345000008e-05
5.579300357345000008e-05
5.579300357345000008e-05
5.579300357345000008e-05
5.579300357345000008e-05
5.579300357345000008e-05
5.579300357345000008e-05
5.579300357345000008e-05
5.579300357345000008e-05
5.579300357345000008e-05
5.579300357345000008e-05
5.579300357345000008e-05
5.579300357345000008e-05
5.579300357345000008e-05
5.579300357345000008e-05
5.579300357345000008e-05
5.579300357345000008e-05
5.579300357345000008e-05
5.579300357345000008e-05
5.579300357345000008e-05
5.579300357345000008e-05
5.579300357345000008e-05
5.579300357345000008e-05
5.579300357345000008e-05
5.579300357345000008e-05
5.579300357345000008e-05
5.579300357345000008e-05
5.579300357345000008e-05
5.579300357345000008e-05
5.579300357345000008e-05
5.579300357345000008e-05
5.579300357345000008e-05
5.579300357345000008e-05
5.579300357345000008e-05
5.579300357345000008e-05
5.579300357345000008e-05
5.579300357345000008e-05
5.579300357345000008e-05
5.579300357345000008e-05
5.579300357345000008e-05
5.579300357345000008e-05
5.579300357345000008e-05
5.579300357345000008e-05
5.579300357345000008e-05
5.579300357345000008e-05
5.579300357345000008e-05
5.579300357345000008e-05
5.579300357345000008e-05
5.579300357345000008e-05
5.579300357345000008e-05
5.579300357345000008e-05
5.579300357345000008e-05
5.579300357345000008e-05
5.579300357345000008e-05
5.579300357345000008e-05
5.579300357345000008e-05
5.579300357345000008e-05
5.579300357345000008e-05
5.579300357345000008e-05
5.579300357345000008e-05
5.579300357345000008e-05
5.579300357345000008e-05
5.573235758899999705e-05
5.573235758899999705e-05
5.573235758899999705e-05
5.573235758899999705e-05
5.573235758899999705e-05
5.573235758899999705e-05
5.573235758899999705e-05
5.573235758899999705e-05
5.573235758899999705e-05
5.573235758899999705e-05
5.573235758899999705e-05
5.573235758899999705e-05
5.573235758899999705e-05
5.573235758899999705e-05
5.573235758899999705e-05
5.573235758899999705e-05
5.573235758899999705e-05
5.573235758899999705e-05
5.573235758899999705e-05
5.573235758899999705e-05
5.573235758899999705e-05
5.573235758899999705e-05
5.573235758899999705e-05
5.573235758899999705e-05
5.573235758899999705e-05
5.573235758899999705e-05
5.573235758899999705e-05
5.573235758899999705e-05
