5.632446027050000414e-03
1.156805565129999933e-04
6.038255503389999710e-05
6.038255503389999710e-05
6.038255503389999710e-05
6.038255503389999710e-05
6.038255503389999710e-05
6.038255503389999710e-05
6.038255503389999710e-05
6.038255503389999710e-05
6.023270843289999817e-05
6.023270843289999817e-05
6.023270843289999817e-05
5.676740793610000034e-05
5.676740793610000034e-05
5.676740793610000034e-05
5.676740793610000034e-05
5.676740793610000034e-05
5.676740793610000034e-05
5.676740793610000034e-05
5.676740793610000034e-05
5.676740793610000034e-05
5.676740793610000034e-05
5.676740793610000034e-05
5.676740793610000034e-05
5.676740793610000034e-05
5.676740793610000034e-05
5.676740793610000034e-05
5.676740793610000034e-05
5.676740793610000034e-05
5.676740793610000034e-05
5.676740793610000034e-05
5.676740793610000034e-05
5.676740793610000034e-05
5.676740793610000034e-05
5.676740793610000034e-05
5.676740793610000034e-05
5.676740793610000034e-05
5.676740793610000034e-05
5.676740793610000034e-05
5.676740793610000034e-05
5.676740793610000034e-05
5.676740793610000034e-05
5.676740793610000034e-05
5.676740793610000034e-05
5.676740793610000034e-05
5.676740793610000034e-05
5.676740793610000034e-05
5.676740793610000034e-05
5.676740793610000034e-05
5.676740793610000034e-05
5.676740793610000034e-05
5.676740793610000034e-05
5.676740793610000034e-05
5.676740793610000034e-05
5.676740793610000034e-05
5.676740793610000034e-05
5.676740793610000034e-05
5.676740793610000034e-05
5.676740793610000034e-05
5.676740793610000034e-05
5.676740793610000034e-05
5.676740793610000034e-05
5.676740793610000034e-05
5.676740793610000034e-05
5.676740793610000034e-05
5.676740793610000034e-05
5.676740793610000034e-05
5.676740793610000034e-05
5.676740793610000034e-05
5.676740793610000034e-05
5.676740793610000034e-05
5.676740793610000034e-05
5.676740793610000034e-05
5.676740793610000034e-05
5.676740793610000034e-05
5.676740793610000034e-05
5.676740793610000034e-05
5.676740793610000034e-05
5.676740793610000034e-05
5.676740793610000034e-05
5.676740793610000034e-05
5.676740793610000034e-05
5.676740793610000034e-05
5.676740793610000034e-05
5.676740793610000034e-05
5.676740793610000034e-05
5.676740793610000034e-05
5.676740793610000034e-05
5.676740793610000034e-05
5.676740793610000034e-05
5.676740793610000034e-05
5.676740793610000034e-05
5.676740793610000034e-05
5.676740793610000034e-05
5.676740793610000034e-05
5.676740793610000034e-05
5.676740793610000034e-05
5.676740793610000034e-05
5.676740793610000034e-05
5.676740793610000034e-05
5.676740793610000034e-05
5.676740793610000034e-05
5.676740793610000034e-05
5.676740793610000034e-05
5.676740793610000034e-05
5.676740793610000034e-05
5.676740793610000034e-05
5.676740793610000034e-05
5.676740793610000034e-05
5.676740793610000034e-05
5.676740793610000034e-05
5.676740793610000034e-05
5.676740793610000034e-05
5.676740793610000034e-05
5.676740793610000034e-05
5.676740793610000034e-05
5.676740793610000034e-05
5.676740793610000034e-05
5.676740793610000034e-05
5.676740793610000034e-05
5.676740793610000034e-05
5.676740793610000034e-05
5.676740793610000034e-05
5.676740793610000034e-05
5.676740793610000034e-05
5.676740793610000034e-05
5.676740793610000034e-05
5.676740793610000034e-05
5.676740793610000034e-05
5.676740793610000034e-05
5.676740793610000034e-05
5.676740793610000034e-05
5.676740793610000034e-05
5.676740793610000034e-05
5.676740793610000034e-05
5.676740793610000034e-05
5.676740793610000034e-05
5.676740793610000034e-05
5.676740793610000034e-05
5.676740793610000034e-05
5.676740793610000034e-05
5.672725372250000129e-05
5.672725372250000129e-05
5.672725372250000129e-05
5.672725372250000129e-05
5.672725372250000129e-05
5.672725372250000129e-05
5.672725372250000129e-05
5.672725372250000129e-05
5.672725372250000129e-05
5.672725372250000129e-05
5.672725372250000129e-05
5.672725372250000129e-05
5.672725372250000129e-05
5.672725372250000129e-05
5.672725372250000129e-05
5.672725372250000129e-05
5.672725372250000129e-05
5.672725372250000129e-05
5.672725372250000129e-05
5.672725372250000129e-05
5.672725372250000129e-05
5.672725372250000129e-05
5.672725372250000129e-05
5.672725372250000129e-05
5.672725372250000129e-05
5.672725372250000129e-05
5.672725372250000129e-05
5.672725372250000129e-05
5.672725372250000129e-05
5.672725372250000129e-05
5.672725372250000129e-05
5.672725372250000129e-05
5.672725372250000129e-05
5.672725372250000129e-05
5.672725372250000129e-05
5.672725372250000129e-05
5.672725372250000129e-05
5.672725372250000129e-05
5.672725372250000129e-05
5.672725372250000129e-05
5.672725372250000129e-05
5.672725372250000129e-05
5.509227157639999989e-05
5.509227157639999989e-05
5.509227157639999989e-05
5.509227157639999989e-05
5.509227157639999989e-05
5.397397616559999927e-05
5.397397616559999927e-05
5.397397616559999927e-05
5.388388155540000047e-05
5.388388155540000047e-05
5.388388155540000047e-05
5.388388155540000047e-05
5.388388155540000047e-05
5.388388155540000047e-05
5.388388155540000047e-05
5.388388155540000047e-05
5.388388155540000047e-05
5.388388155540000047e-05
5.388388155540000047e-05
5.388388155540000047e-05
5.388388155540000047e-05
5.388388155540000047e-05
5.388388155540000047e-05
5.388388155540000047e-05
5.388388155540000047e-05
5.388388155540000047e-05
5.388388155540000047e-05
5.388388155540000047e-05
5.332862094280000102e-05
5.332862094280000102e-05
5.312862470779999955e-05
5.312862470779999955e-05
5.312862470779999955e-05
5.312862470779999955e-05
5.312862470779999955e-05
5.312862470779999955e-05
5.312862470779999955e-05
5.312862470779999955e-05
5.312862470779999955e-05
5.312862470779999955e-05
5.312862470779999955e-05
5.312862470779999955e-05
5.312862470779999955e-05
5.312862470779999955e-05
5.312862470779999955e-05
5.312862470779999955e-05
5.312862470779999955e-05
5.312862470779999955e-05
5.312862470779999955e-05
5.312862470779999955e-05
5.312862470779999955e-05
5.312862470779999955e-05
5.312862470779999955e-05
5.312862470779999955e-05
5.312862470779999955e-05
5.312862470779999955e-05
5.312862470779999955e-05
5.312862470779999955e-05
5.312862470779999955e-05
5.312862470779999955e-05
5.312862470779999955e-05
5.312862470779999955e-05
5.312862470779999955e-05
5.312862470779999955e-05
5.312862470779999955e-05
5.312862470779999955e-05
5.312862470779999955e-05
5.312862470779999955e-05
5.312862470779999955e-05
5.312862470779999955e-05
5.305958830559999705e-05
5.305958830559999705e-05
5.305958830559999705e-05
5.305958830559999705e-05
5.305958830559999705e-05
5.305958830559999705e-05
5.305958830559999705e-05
5.305958830559999705e-05
5.305958830559999705e-05
5.305958830559999705e-05
5.305958830559999705e-05
5.305958830559999705e-05
5.305958830559999705e-05
5.305958830559999705e-05
5.305958830559999705e-05
5.305958830559999705e-05
5.305958830559999705e-05
5.305958830559999705e-05
5.305958830559999705e-05
5.305958830559999705e-05
5.305958830559999705e-05
5.305958830559999705e-05
5.305958830559999705e-05
5.305958830559999705e-05
5.305958830559999705e-05
5.305958830559999705e-05
5.305958830559999705e-05
5.305958830559999705e-05
5.305958830559999705e-05
5.305958830559999705e-05
5.305958830559999705e-05
5.305958830559999705e-05
5.305958830559999705e-05
5.305958830559999705e-05
5.305958830559999705e-05
5.305958830559999705e-05
5.305958830559999705e-05
5.305958830559999705e-05
5.305958830559999705e-05
5.305958830559999705e-05
5.305958830559999705e-05
5.305958830559999705e-05
5.305958830559999705e-05
5.305958830559999705e-05
5.305958830559999705e-05
5.305958830559999705e-05
5.305958830559999705e-05
5.305958830559999705e-05
5.305958830559999705e-05
5.305958830559999705e-05
5.305958830559999705e-05
5.305958830559999705e-05
5.305958830559999705e-05
5.305958830559999705e-05
5.305958830559999705e-05
5.305958830559999705e-05
5.305958830559999705e-05
5.147221300459999926e-05
5.147221300459999926e-05
5.147221300459999926e-05
5.147221300459999926e-05
5.147221300459999926e-05
5.147221300459999926e-05
5.147221300459999926e-05
5.147221300459999926e-05
5.147221300459999926e-05
5.147221300459999926e-05
5.147221300459999926e-05
5.147221300459999926e-05
5.147221300459999926e-05
5.147221300459999926e-05
5.147221300459999926e-05
5.147221300459999926e-05
5.147221300459999926e-05
5.147221300459999926e-05
5.147221300459999926e-05
5.147221300459999926e-05
5.147221300459999926e-05
5.147221300459999926e-05
5.147221300459999926e-05
5.147221300459999926e-05
5.147221300459999926e-05
5.147221300459999926e-05
5.147221300459999926e-05
5.147221300459999926e-05
5.147221300459999926e-05
5.147221300459999926e-05
5.147221300459999926e-05
5.147221300459999926e-05
5.147221300459999926e-05
5.147221300459999926e-05
5.147221300459999926e-05
5.147221300459999926e-05
5.147221300459999926e-05
5.147221300459999926e-05
5.147221300459999926e-05
5.147221300459999926e-05
5.147221300459999926e-05
5.147221300459999926e-05
5.147221300459999926e-05
5.147221300459999926e-05
5.147221300459999926e-05
5.147221300459999926e-05
5.147221300459999926e-05
5.147221300459999926e-05
5.147221300459999926e-05
5.147221300459999926e-05
5.147221300459999926e-05
5.147221300459999926e-05
5.147221300459999926e-05
5.147221300459999926e-05
5.147221300459999926e-05
5.147221300459999926e-05
5.147221300459999926e-05
5.147221300459999926e-05
5.147221300459999926e-05
5.147221300459999926e-05
5.147221300459999926e-05
5.147221300459999926e-05
5.147221300459999926e-05
5.147221300459999926e-05
5.147221300459999926e-05
5.147221300459999926e-05
5.147221300459999926e-05
5.147221300459999926e-05
5.147221300459999926e-05
5.147221300459999926e-05
5.147221300459999926e-05
5.147221300459999926e-05
5.147221300459999926e-05
5.147221300459999926e-05
5.147221300459999926e-05
5.147221300459999926e-05
5.147221300459999926e-05
5.147221300459999926e-05
5.147221300459999926e-05
5.147221300459999926e-05
5.147221300459999926e-05
5.147221300459999926e-05
5.147221300459999926e-05
5.147221300459999926e-05
5.147221300459999926e-05
5.147221300459999926e-05
5.147221300459999926e-05
5.147221300459999926e-05
5.147221300459999926e-05
5.147221300459999926e-05
5.147221300459999926e-05
5.147221300459999926e-05
5.147221300459999926e-05
5.147221300459999926e-05
5.147221300459999926e-05
5.147221300459999926e-05
5.147221300459999926e-05
5.147221300459999926e-05
5.147221300459999926e-05
5.147221300459999926e-05
5.147221300459999926e-05
5.147221300459999926e-05
5.147221300459999926e-05
5.147221300459999926e-05
5.147221300459999926e-05
5.147221300459999926e-05
5.147221300459999926e-05
5.147221300459999926e-05
5.147221300459999926e-05
5.147221300459999926e-05
5.147221300459999926e-05
5.147221300459999926e-05
5.147221300459999926e-05
5.147221300459999926e-05
5.147221300459999926e-05
5.147221300459999926e-05
5.147221300459999926e-05
5.147221300459999926e-05
5.147221300459999926e-05
5.147221300459999926e-05
4.681536105949999781e-05
4.247835273710000211e-05
4.247835273710000211e-05
4.247835273710000211e-05
4.247835273710000211e-05
4.247835273710000211e-05
4.247835273710000211e-05
4.235667680189999764e-05
4.235667680189999764e-05
4.235667680189999764e-05
4.235667680189999764e-05
4.235667680189999764e-05
4.235667680189999764e-05
4.235667680189999764e-05
4.235667680189999764e-05
4.235667680189999764e-05
4.235667680189999764e-05
4.235667680189999764e-05
4.235667680189999764e-05
4.235667680189999764e-05
4.235667680189999764e-05
4.235667680189999764e-05
4.235667680189999764e-05
4.235667680189999764e-05
4.235667680189999764e-05
4.235667680189999764e-05
4.235667680189999764e-05
4.235667680189999764e-05
4.235667680189999764e-05
4.235667680189999764e-05
4.235667680189999764e-05
4.235667680189999764e-05
4.235667680189999764e-05
4.235667680189999764e-05
4.235667680189999764e-05
4.235667680189999764e-05
4.235667680189999764e-05
4.235667680189999764e-05
4.235667680189999764e-05
3.960715534350000135e-05
3.960715534350000135e-05
3.960715534350000135e-05
3.960715534350000135e-05
3.960715534350000135e-05
3.960715534350000135e-05
3.960715534350000135e-05
3.960715534350000135e-05
3.960715534350000135e-05
3.960715534350000135e-05
3.960715534350000135e-05
3.960715534350000135e-05
3.924577830590000210e-05
3.924577830590000210e-05
3.924577830590000210e-05
3.924577830590000210e-05
3.924577830590000210e-05
3.924577830590000210e-05
3.924577830590000210e-05
3.924577830590000210e-05
3.924577830590000210e-05
3.924577830590000210e-05
3.924577830590000210e-05
3.924577830590000210e-05
3.924577830590000210e-05
3.924577830590000210e-05
3.924577830590000210e-05
3.924577830590000210e-05
3.924577830590000210e-05
3.924577830590000210e-05
3.924577830590000210e-05
3.924577830590000210e-05
3.823500183910000098e-05
3.823500183910000098e-05
3.775855254380000055e-05
3.775855254380000055e-05
3.775855254380000055e-05
3.775855254380000055e-05
3.775855254380000055e-05
3.775855254380000055e-05
3.775855254380000055e-05
3.775855254380000055e-05
3.775855254380000055e-05
3.775855254380000055e-05
3.775855254380000055e-05
3.775855254380000055e-05
3.775855254380000055e-05
3.775855254380000055e-05
3.775855254380000055e-05
3.775855254380000055e-05
3.775855254380000055e-05
3.775855254380000055e-05
3.775855254380000055e-05
3.775855254380000055e-05
3.775855254380000055e-05
3.775855254380000055e-05
3.775855254380000055e-05
3.775855254380000055e-05
3.775855254380000055e-05
3.775855254380000055e-05
3.775855254380000055e-05
3.775855254380000055e-05
3.775855254380000055e-05
3.775855254380000055e-05
3.775855254380000055e-05
3.775855254380000055e-05
3.775855254380000055e-05
3.775855254380000055e-05
3.775855254380000055e-05
3.775855254380000055e-05
3.775855254380000055e-05
3.775855254380000055e-05
3.775855254380000055e-05
3.775855254380000055e-05
3.775855254380000055e-05
3.775855254380000055e-05
3.775855254380000055e-05
3.775855254380000055e-05
3.775855254380000055e-05
3.775855254380000055e-05
3.775855254380000055e-05
3.775855254380000055e-05
3.775855254380000055e-05
3.775855254380000055e-05
3.775855254380000055e-05
3.775855254380000055e-05
3.775855254380000055e-05
3.775855254380000055e-05
3.775855254380000055e-05
3.775855254380000055e-05
3.775855254380000055e-05
3.775855254380000055e-05
3.775855254380000055e-05
3.775855254380000055e-05
3.775855254380000055e-05
3.775855254380000055e-05
3.775855254380000055e-05
3.775855254380000055e-05
3.775855254380000055e-05
3.775855254380000055e-05
3.775855254380000055e-05
3.775855254380000055e-05
3.775855254380000055e-05
3.775855254380000055e-05
3.775855254380000055e-05
3.775855254380000055e-05
3.775855254380000055e-05
3.775855254380000055e-05
3.775855254380000055e-05
3.775855254380000055e-05
3.775855254380000055e-05
3.775855254380000055e-05
3.775855254380000055e-05
3.775855254380000055e-05
3.775855254380000055e-05
3.775855254380000055e-05
3.775855254380000055e-05
3.775855254380000055e-05
3.775855254380000055e-05
3.775855254380000055e-05
3.775855254380000055e-05
3.775855254380000055e-05
3.775855254380000055e-05
3.775855254380000055e-05
3.775855254380000055e-05
3.775855254380000055e-05
3.775855254380000055e-05
3.775855254380000055e-05
3.775855254380000055e-05
3.775855254380000055e-05
3.775855254380000055e-05
3.775855254380000055e-05
3.775855254380000055e-05
3.773571257179999741e-05
3.773571257179999741e-05
3.773571257179999741e-05
3.773571257179999741e-05
3.773571257179999741e-05
3.773571257179999741e-05
3.773571257179999741e-05
3.773571257179999741e-05
3.773571257179999741e-05
3.773571257179999741e-05
3.773571257179999741e-05
3.773571257179999741e-05
3.773571257179999741e-05
3.773571257179999741e-05
3.773571257179999741e-05
3.773571257179999741e-05
3.773571257179999741e-05
3.773571257179999741e-05
3.773571257179999741e-05
3.773571257179999741e-05
3.773571257179999741e-05
3.773571257179999741e-05
3.773571257179999741e-05
3.773571257179999741e-05
3.773571257179999741e-05
3.773571257179999741e-05
3.773571257179999741e-05
3.773571257179999741e-05
3.773571257179999741e-05
3.773571257179999741e-05
3.773571257179999741e-05
3.773571257179999741e-05
3.773571257179999741e-05
3.773571257179999741e-05
3.773571257179999741e-05
3.773571257179999741e-05
3.773571257179999741e-05
3.773571257179999741e-05
3.773571257179999741e-05
3.773571257179999741e-05
3.773571257179999741e-05
3.773571257179999741e-05
3.773571257179999741e-05
3.773571257179999741e-05
3.773571257179999741e-05
3.773571257179999741e-05
3.773571257179999741e-05
3.773571257179999741e-05
3.773571257179999741e-05
3.773571257179999741e-05
3.773571257179999741e-05
3.773571257179999741e-05
3.773571257179999741e-05
3.773571257179999741e-05
3.773571257179999741e-05
3.773571257179999741e-05
3.773571257179999741e-05
3.773571257179999741e-05
3.773571257179999741e-05
3.773571257179999741e-05
3.773571257179999741e-05
3.773571257179999741e-05
3.773571257179999741e-05
3.773571257179999741e-05
3.773571257179999741e-05
3.773571257179999741e-05
3.773571257179999741e-05
3.773571257179999741e-05
3.773571257179999741e-05
3.773571257179999741e-05
3.773571257179999741e-05
3.773571257179999741e-05
3.773571257179999741e-05
3.773571257179999741e-05
3.773571257179999741e-05
3.773571257179999741e-05
3.773571257179999741e-05
3.773571257179999741e-05
3.773571257179999741e-05
3.773571257179999741e-05
3.773571257179999741e-05
3.773571257179999741e-05
3.773571257179999741e-05
3.773571257179999741e-05
3.773571257179999741e-05
3.773571257179999741e-05
3.773571257179999741e-05
3.773571257179999741e-05
3.773571257179999741e-05
3.773571257179999741e-05
3.773571257179999741e-05
3.773571257179999741e-05
3.773571257179999741e-05
3.773571257179999741e-05
3.773571257179999741e-05
3.773571257179999741e-05
3.773571257179999741e-05
3.773571257179999741e-05
3.773571257179999741e-05
3.773571257179999741e-05
3.773571257179999741e-05
3.773571257179999741e-05
3.773571257179999741e-05
3.773571257179999741e-05
3.773571257179999741e-05
3.773571257179999741e-05
3.773571257179999741e-05
3.773571257179999741e-05
3.773571257179999741e-05
3.773571257179999741e-05
3.773571257179999741e-05
3.773571257179999741e-05
3.773571257179999741e-05
3.773571257179999741e-05
3.773571257179999741e-05
3.773571257179999741e-05
3.773571257179999741e-05
3.773571257179999741e-05
3.773571257179999741e-05
3.773571257179999741e-05
3.773571257179999741e-05
3.773571257179999741e-05
3.773571257179999741e-05
3.773571257179999741e-05
3.773571257179999741e-05
3.773571257179999741e-05
3.773571257179999741e-05
3.773571257179999741e-05
3.773571257179999741e-05
3.773571257179999741e-05
3.773571257179999741e-05
3.773571257179999741e-05
3.773571257179999741e-05
3.773571257179999741e-05
3.773571257179999741e-05
3.773571257179999741e-05
3.773571257179999741e-05
3.773571257179999741e-05
3.773571257179999741e-05
3.773571257179999741e-05
3.773571257179999741e-05
3.773571257179999741e-05
3.773571257179999741e-05
3.773571257179999741e-05
3.773571257179999741e-05
3.773571257179999741e-05
3.773571257179999741e-05
3.773571257179999741e-05
3.773571257179999741e-05
3.773571257179999741e-05
3.773571257179999741e-05
3.773571257179999741e-05
3.773571257179999741e-05
3.773571257179999741e-05
3.773571257179999741e-05
3.773571257179999741e-05
3.773571257179999741e-05
3.773571257179999741e-05
3.773571257179999741e-05
3.773571257179999741e-05
3.773571257179999741e-05
3.773571257179999741e-05
3.773571257179999741e-05
3.773571257179999741e-05
3.773571257179999741e-05
3.773571257179999741e-05
3.773571257179999741e-05
3.773571257179999741e-05
3.773571257179999741e-05
3.773571257179999741e-05
3.773571257179999741e-05
3.773571257179999741e-05
3.773571257179999741e-05
3.773571257179999741e-05
3.773571257179999741e-05
3.773571257179999741e-05
3.773571257179999741e-05
3.773571257179999741e-05
3.773571257179999741e-05
3.773571257179999741e-05
3.773571257179999741e-05
3.773571257179999741e-05
3.773571257179999741e-05
3.773571257179999741e-05
3.773571257179999741e-05
3.773571257179999741e-05
3.773571257179999741e-05
3.773571257179999741e-05
3.773571257179999741e-05
3.773571257179999741e-05
3.773571257179999741e-05
3.773571257179999741e-05
3.773571257179999741e-05
3.773571257179999741e-05
3.773571257179999741e-05
3.773571257179999741e-05
3.773571257179999741e-05
3.773571257179999741e-05
3.773571257179999741e-05
3.773571257179999741e-05
3.773571257179999741e-05
3.773571257179999741e-05
3.773571257179999741e-05
3.773326507150000025e-05
3.773326507150000025e-05
3.773326507150000025e-05
3.773326507150000025e-05
3.773326507150000025e-05
3.773326507150000025e-05
3.773326507150000025e-05
3.773326507150000025e-05
3.773326507150000025e-05
3.773326507150000025e-05
3.773326507150000025e-05
3.773326507150000025e-05
3.773326507150000025e-05
3.773326507150000025e-05
3.773326507150000025e-05
3.773326507150000025e-05
3.773326507150000025e-05
3.773326507150000025e-05
3.773326507150000025e-05
3.773326507150000025e-05
3.773326507150000025e-05
3.773326507150000025e-05
3.773326507150000025e-05
3.773326507150000025e-05
3.773326507150000025e-05
3.773326507150000025e-05
3.773326507150000025e-05
3.773326507150000025e-05
3.773326507150000025e-05
3.773326507150000025e-05
3.773326507150000025e-05
3.773326507150000025e-05
3.773326507150000025e-05
3.773326507150000025e-05
3.773326507150000025e-05
3.773326507150000025e-05
3.773326507150000025e-05
3.773326507150000025e-05
3.773326507150000025e-05
3.773326507150000025e-05
3.773326507150000025e-05
3.773326507150000025e-05
3.773326507150000025e-05
3.773326507150000025e-05
3.773326507150000025e-05
3.773326507150000025e-05
3.773326507150000025e-05
3.773326507150000025e-05
3.773326507150000025e-05
3.773326507150000025e-05
3.773326507150000025e-05
3.773326507150000025e-05
3.773326507150000025e-05
3.773326507150000025e-05
3.773326507150000025e-05
3.773326507150000025e-05
3.773326507150000025e-05
3.773326507150000025e-05
3.773326507150000025e-05
3.773326507150000025e-05
3.773326507150000025e-05
3.773326507150000025e-05
3.773326507150000025e-05
3.773326507150000025e-05
3.773326507150000025e-05
3.773326507150000025e-05
3.773326507150000025e-05
3.773326507150000025e-05
3.773326507150000025e-05
3.773326507150000025e-05
3.773326507150000025e-05
3.773326507150000025e-05
3.773326507150000025e-05
3.773326507150000025e-05
3.773326507150000025e-05
3.773326507150000025e-05
3.773326507150000025e-05
3.773326507150000025e-05
3.773326507150000025e-05
3.773326507150000025e-05
3.773326507150000025e-05
3.773326507150000025e-05
3.773326507150000025e-05
3.773326507150000025e-05
3.773326507150000025e-05
3.773326507150000025e-05
3.773326507150000025e-05
3.773326507150000025e-05
3.773326507150000025e-05
3.773326507150000025e-05
3.773326507150000025e-05
3.773326507150000025e-05
3.773326507150000025e-05
3.773326507150000025e-05
3.773326507150000025e-05
3.773326507150000025e-05
3.773326507150000025e-05
3.773326507150000025e-05
3.773326507150000025e-05
3.773326507150000025e-05
3.773326507150000025e-05
3.773326507150000025e-05
3.773326507150000025e-05
3.773326507150000025e-05
3.773326507150000025e-05
3.773326507150000025e-05
3.773326507150000025e-05
3.773326507150000025e-05
3.773326507150000025e-05
3.773326507150000025e-05
3.773326507150000025e-05
3.773326507150000025e-05
3.773326507150000025e-05
3.773326507150000025e-05
3.773326507150000025e-05
3.773326507150000025e-05
3.773326507150000025e-05
3.773326507150000025e-05
3.773326507150000025e-05
3.773326507150000025e-05
3.773326507150000025e-05
3.773326507150000025e-05
3.773326507150000025e-05
3.773326507150000025e-05
3.773326507150000025e-05
3.773326507150000025e-05
3.773326507150000025e-05
3.773326507150000025e-05
3.773326507150000025e-05
3.773326507150000025e-05
3.773326507150000025e-05
3.773326507150000025e-05
3.773326507150000025e-05
3.773326507150000025e-05
3.773326507150000025e-05
3.773326507150000025e-05
3.773326507150000025e-05
3.773326507150000025e-05
3.773326507150000025e-05
3.773326507150000025e-05
3.773326507150000025e-05
3.773326507150000025e-05
3.773326507150000025e-05
3.773326507150000025e-05
3.773326507150000025e-05
3.773326507150000025e-05
3.773326507150000025e-05
3.773326507150000025e-05
3.773326507150000025e-05
3.773326507150000025e-05
3.773326507150000025e-05
3.773326507150000025e-05
3.773326507150000025e-05
3.773326507150000025e-05
3.773326507150000025e-05
3.773326507150000025e-05
3.773326507150000025e-05
3.773326507150000025e-05
3.773326507150000025e-05
3.773326507150000025e-05
3.773326507150000025e-05
3.773326507150000025e-05
3.773326507150000025e-05
3.773326507150000025e-05
3.773326507150000025e-05
3.773326507150000025e-05
3.773326507150000025e-05
3.773326507150000025e-05
3.773326507150000025e-05
3.773326507150000025e-05
3.773326507150000025e-05
3.773326507150000025e-05
3.773326507150000025e-05
3.773326507150000025e-05
3.773326507150000025e-05
3.773326507150000025e-05
3.773326507150000025e-05
3.773326507150000025e-05
3.773326507150000025e-05
3.773326507150000025e-05
3.773326507150000025e-05
3.773326507150000025e-05
3.773326507150000025e-05
3.773326507150000025e-05
3.773326507150000025e-05
3.773326507150000025e-05
3.773326507150000025e-05
3.773326507150000025e-05
3.773326507150000025e-05
3.773326507150000025e-05
3.773326507150000025e-05
3.773326507150000025e-05
3.773326507150000025e-05
3.773326507150000025e-05
3.773326507150000025e-05
